0 290 7.25174e-08 1061 0 0 1 227 1.17832e-07 
1 1151 0 289 1.90349e-07 225 0.857149 45 0.142851 
2 1150 0 437 1.90349e-07 45 0.714298 258 0.285701 
3 1149 0 325 1.90349e-07 258 0.571448 12 0.428552 
4 1145 0 326 1.90349e-07 12 0.428552 257 0.571447 
5 1144 0 511 1.90349e-07 257 0.285702 46 0.714298 
6 1142 0 321 1.90349e-07 46 0.142851 226 0.857149 
7 414 0 233 1.90349e-07 226 7.25174e-08 1 1 
8 521 7.25174e-08 1116 0 47 0.333368 260 0.666632 
9 519 0.142851 1119 0 327 0.333368 521 0.523781 
10 440 0.285702 773 0 78 0.333368 519 0.38093 
11 1221 0 439 0.428552 440 0.23808 438 0.333368 
12 1233 0 518 0.571448 439 0.0951844 77 0.333368 
13 1236 0 517 0.666632 324 0.285702 109 0.0476664 
14 1218 0 510 0.666632 109 0.142851 509 0.190517 
15 692 0 266 0.666632 509 7.25174e-08 53 0.333368 
16 441 7.25174e-08 1108 0 259 0.666632 48 0.333368 
17 79 0.142851 1107 0 330 0.666632 441 0.190517 
18 527 0.285702 780 0 329 0.666632 79 0.0476664 
19 113 0.333368 525 0.0951844 526 0.571448 1122 0 
20 524 0.333368 513 0.23808 525 0.428552 947 1.11022e-16 
21 945 0 111 0.333368 513 0.285702 512 0.38093 
22 1217 0 322 0.333368 512 0.142851 515 0.523781 
23 687 0 54 0.333368 515 7.25174e-08 265 0.666632 
24 239 7.25174e-08 311 0 228 1.90349e-07 2 1 
25 59 0.142851 310 0 291 1.90349e-07 239 0.857149 
26 272 0.285702 484 0 442 1.90349e-07 59 0.714298 
27 19 0.428552 399 0 443 1.90349e-07 272 0.571447 
28 271 0.571448 400 0 523 1.90349e-07 19 0.428552 
29 60 0.714298 638 0 522 1.90349e-07 271 0.285701 
30 240 0.857149 396 0 328 1.90349e-07 60 0.142851 
31 245 0 5 1 323 7.25174e-08 234 1.17832e-07 
32 1061 7.25174e-08 369 1.17832e-07 229 0.371117 0 0.628883 
33 344 0.142851 298 0.233108 225 0.624041 1061 1.90349e-07 
34 550 0.285702 344 0.0902568 45 0.624041 1151 1.90349e-07 
35 349 0.375958 1149 1.90349e-07 258 0.571448 12 0.0525938 
36 348 0.375958 1145 1.90349e-07 12 0.428552 257 0.195489 
37 452 0.375958 1144 1.90349e-07 257 0.285702 46 0.33834 
38 296 0.375958 1142 1.90349e-07 46 0.142851 226 0.481191 
39 235 0.375958 414 1.90349e-07 226 7.25174e-08 1 0.624041 
40 590 0.371117 1116 7.25174e-08 260 0.295515 47 0.333368 
41 1119 0.142851 521 0.523781 1118 0.233108 327 0.10026 
42 773 0.285702 519 0.38093 1117 0.090257 78 0.243111 
43 1221 0.375959 439 0.0525938 440 0.23808 438 0.333368 
44 1233 0.375959 518 0.195489 439 0.0951844 77 0.333368 
45 1236 0.375959 517 0.290674 324 0.285702 109 0.0476664 
46 1218 0.375959 510 0.290674 109 0.142851 509 0.190517 
47 692 0.375959 266 0.290674 509 7.25174e-08 53 0.333368 
48 468 0.0377492 467 0.333368 259 0.628883 1108 7.25174e-08 
49 1107 0.142851 441 0.190517 1109 0.233108 330 0.433524 
50 780 0.285702 79 0.0476664 1132 0.090257 329 0.576375 
51 113 0.0525938 779 0.280774 1122 0.0951844 526 0.571448 
52 524 0.195489 946 0.137879 947 0.23808 525 0.428552 
53 945 0.333368 1216 0.0425906 512 0.33834 513 0.285702 
54 1217 0.333368 1215 0.0425906 515 0.481191 512 0.142851 
55 687 0.333368 688 0.0425906 265 0.624041 515 7.25174e-08 
56 241 0.371117 311 7.25174e-08 2 0.628883 228 1.90349e-07 
57 310 0.142851 239 0.624041 311 0.233108 1106 1.90349e-07 
58 484 0.285702 59 0.624041 310 0.0902568 1110 1.90349e-07 
59 19 0.0525938 399 0.375959 443 1.90349e-07 272 0.571447 
60 271 0.195489 400 0.375959 523 1.90349e-07 19 0.428552 
61 60 0.33834 638 0.375959 522 1.90349e-07 271 0.285701 
62 240 0.481191 396 0.375959 328 1.90349e-07 60 0.142851 
63 245 0.375959 5 0.624041 323 7.25174e-08 234 1.17832e-07 
64 1061 7.25174e-08 369 1.17832e-07 229 0.742234 0 0.257766 
65 344 0.142851 298 0.609066 225 0.248083 1061 1.90349e-07 
66 550 0.285702 344 0.466215 45 0.248083 1151 1.90349e-07 
67 349 0.428552 550 0.323365 258 0.248083 1150 1.90349e-07 
68 348 0.571448 349 0.180469 12 0.248083 1149 1.90349e-07 
69 452 0.714298 348 0.0376185 257 0.248083 1145 1.90349e-07 
70 296 0.751917 1142 1.90349e-07 46 0.142851 226 0.105232 
71 235 0.751917 414 1.90349e-07 226 7.25174e-08 1 0.248083 
72 368 0.0756021 590 0.666632 47 0.257766 1116 7.25174e-08 
73 1119 0.142851 521 0.248083 1116 0.275698 1118 0.333368 
74 773 0.285702 519 0.248083 1119 0.132848 1117 0.333368 
75 1221 0.428552 773 0.23808 1223 0.085285 438 0.248083 
76 1233 0.571448 1221 0.0951844 1222 0.085285 77 0.248083 
77 1236 0.666632 1219 0.0476664 324 0.248083 1234 0.0376187 
78 1218 0.666632 1220 0.085285 509 0.105232 109 0.142851 
79 692 0.666632 428 0.085285 53 0.248083 509 7.25174e-08 
80 468 0.408866 467 0.333368 259 0.257766 1108 7.25174e-08 
81 1107 0.142851 441 0.190517 1109 0.609066 330 0.0575658 
82 780 0.285702 79 0.0476664 1132 0.466215 329 0.200417 
83 779 0.333368 1122 0.0951844 526 0.248083 1133 0.323365 
84 946 0.333368 947 0.23808 525 0.248083 1122 0.180469 
85 945 0.333368 1216 0.38093 513 0.248083 947 0.0376187 
86 1217 0.333368 1215 0.418549 515 0.105232 512 0.142851 
87 687 0.333368 688 0.418549 265 0.248083 515 7.25174e-08 
88 241 0.742234 311 7.25174e-08 2 0.257766 228 1.90349e-07 
89 310 0.142851 239 0.248083 311 0.609066 1106 1.90349e-07 
90 484 0.285702 59 0.248083 310 0.466215 1110 1.90349e-07 
91 399 0.428552 272 0.248083 484 0.323365 770 1.90349e-07 
92 400 0.571448 19 0.248083 399 0.180469 778 1.90349e-07 
93 638 0.714298 271 0.248083 400 0.0376185 944 1.90349e-07 
94 240 0.105232 396 0.751917 328 1.90349e-07 60 0.142851 
95 245 0.751917 5 0.248083 323 7.25174e-08 234 1.17832e-07 
96 1062 7.25174e-08 391 1.17832e-07 49 0.113351 229 0.886649 
97 86 0.127875 1060 1.90349e-07 298 0.857149 344 0.0149752 
98 548 0.127875 1152 1.90349e-07 344 0.714298 550 0.157826 
99 120 0.127875 1148 1.90349e-07 550 0.571448 349 0.300677 
100 347 0.127875 1163 1.90349e-07 349 0.428552 348 0.443572 
101 84 0.127875 1143 1.90349e-07 348 0.285702 452 0.586423 
102 453 0.127875 1146 1.90349e-07 452 0.142851 296 0.729274 
103 55 0.127875 413 1.90349e-07 296 7.25174e-08 235 0.872124 
104 592 0.113351 1174 7.25174e-08 590 0.553281 368 0.333368 
105 1119 0.0149752 1113 0.127876 1118 0.333368 1116 0.523781 
106 773 0.157826 833 0.127876 1117 0.333368 1119 0.38093 
107 832 0.127876 1221 0.300677 773 0.23808 1223 0.333368 
108 1235 0.127876 1233 0.443572 1221 0.0951844 1222 0.333368 
109 841 0.127876 1236 0.538756 1234 0.285702 1219 0.0476664 
110 828 0.127876 1218 0.538756 1219 0.142851 1220 0.190517 
111 690 0.127876 692 0.538756 1220 7.25174e-08 428 0.333368 
112 90 0.113351 1176 7.25174e-08 467 0.220017 468 0.666632 
113 1107 0.0149752 201 0.127876 1109 0.666632 1108 0.190517 
114 780 0.157826 1137 0.127876 1132 0.666632 1107 0.0476664 
115 779 0.300677 204 0.0326912 1125 0.0951844 1133 0.571448 
116 946 0.333368 947 0.110204 1122 0.428552 1121 0.127876 
117 170 0.127876 945 0.205492 947 0.285702 1216 0.38093 
118 826 0.127876 1217 0.205492 1216 0.142851 1215 0.523781 
119 161 0.127876 687 0.205492 1215 7.25174e-08 688 0.666632 
120 61 0.113351 380 7.25174e-08 241 0.886649 302 1.90349e-07 
121 310 0.0149752 99 0.127876 1106 1.90349e-07 311 0.857149 
122 484 0.157826 485 0.127876 1110 1.90349e-07 310 0.714298 
123 399 0.300677 98 0.127876 770 1.90349e-07 484 0.571447 
124 400 0.443572 398 0.127876 778 1.90349e-07 399 0.428552 
125 638 0.586423 145 0.127876 944 1.90349e-07 400 0.285701 
126 396 0.729274 636 0.127876 948 1.90349e-07 638 0.142851 
127 65 0.127876 245 0.872124 710 7.25174e-08 427 1.17832e-07 
128 1062 7.25174e-08 391 1.17832e-07 49 0.484468 229 0.515532 
129 86 0.142851 1060 1.90349e-07 297 0.356335 298 0.500814 
130 548 0.285702 86 0.218132 344 0.496166 1060 1.90349e-07 
131 120 0.428552 548 0.0752816 550 0.496166 1152 1.90349e-07 
132 347 0.503834 1163 1.90349e-07 349 0.428552 348 0.0676135 
133 84 0.503834 1143 1.90349e-07 348 0.285702 452 0.210464 
134 453 0.503834 1146 1.90349e-07 452 0.142851 296 0.353315 
135 55 0.503834 413 1.90349e-07 296 7.25174e-08 235 0.496166 
136 592 0.484468 1174 7.25174e-08 590 0.182164 368 0.333368 
137 1174 0.356335 1113 0.142851 1116 0.167447 1118 0.333368 
138 833 0.285702 1119 0.38093 195 0.218133 1117 0.115235 
139 832 0.428552 833 0.0752818 1223 0.333368 773 0.162798 
140 1235 0.503834 1233 0.0676135 1221 0.0951844 1222 0.333368 
141 841 0.503834 1236 0.162798 1234 0.285702 1219 0.0476664 
142 828 0.503834 1218 0.162798 1219 0.142851 1220 0.190517 
143 690 0.503834 692 0.162798 1220 7.25174e-08 428 0.333368 
144 596 0.1511 90 0.333368 468 0.515532 1176 7.25174e-08 
145 1190 0.165818 1176 0.190517 1109 0.500814 201 0.142851 
146 1137 0.285702 1107 0.0476664 1136 0.218133 1132 0.4485 
147 204 0.333368 1125 0.0951844 1133 0.496166 1131 0.0752818 
148 946 0.0676135 1127 0.265754 1121 0.23808 1122 0.428552 
149 170 0.333368 1226 0.170466 1216 0.210464 947 0.285702 
150 826 0.333368 1232 0.170466 1215 0.353315 1216 0.142851 
151 161 0.333368 694 0.170466 688 0.496166 1215 7.25174e-08 
152 61 0.484468 380 7.25174e-08 241 0.515531 302 1.90349e-07 
153 380 0.356335 99 0.142851 311 0.500814 1106 1.90349e-07 
154 485 0.285702 310 0.496166 99 0.218132 1105 1.90349e-07 
155 98 0.428552 484 0.496166 485 0.0752816 1103 1.90349e-07 
156 400 0.0676135 398 0.503834 778 1.90349e-07 399 0.428552 
157 638 0.210464 145 0.503834 944 1.90349e-07 400 0.285701 
158 396 0.353315 636 0.503834 948 1.90349e-07 638 0.142851 
159 65 0.503834 245 0.496166 710 7.25174e-08 427 1.17832e-07 
160 1062 7.25174e-08 391 1.17832e-07 49 0.855585 229 0.144415 
161 86 0.142851 1060 1.90349e-07 297 0.727452 298 0.129697 
162 548 0.285702 86 0.594091 344 0.120207 1060 1.90349e-07 
163 120 0.428552 548 0.45124 550 0.120207 1152 1.90349e-07 
164 347 0.571448 120 0.308345 349 0.120207 1148 1.90349e-07 
165 84 0.714298 347 0.165494 348 0.120207 1163 1.90349e-07 
166 453 0.857149 84 0.0226433 452 0.120207 1143 1.90349e-07 
167 55 0.879792 413 1.90349e-07 296 7.25174e-08 235 0.120207 
168 133 0.188953 592 0.666632 368 0.144415 1174 7.25174e-08 
169 1172 0.203671 1174 0.523781 1118 0.129697 1113 0.142851 
170 833 0.285702 1119 0.120207 1113 0.260723 195 0.333368 
171 832 0.428552 833 0.23808 834 0.213161 1223 0.120207 
172 1235 0.571448 832 0.0951844 206 0.213161 1222 0.120207 
173 841 0.666632 205 0.0476664 1234 0.120207 1166 0.165494 
174 828 0.666632 829 0.190517 1219 0.120207 205 0.0226435 
175 690 0.666632 154 0.213161 428 0.120207 1220 7.25174e-08 
176 596 0.522218 90 0.333368 468 0.144415 1176 7.25174e-08 
177 1190 0.536935 1176 0.190517 1109 0.129697 201 0.142851 
178 1137 0.285702 1107 0.0476664 1136 0.594091 1132 0.072541 
179 204 0.333368 1125 0.0951844 1133 0.120207 1131 0.45124 
180 1127 0.333368 1121 0.23808 1122 0.120207 1125 0.308345 
181 170 0.333368 1226 0.38093 947 0.120207 1121 0.165494 
182 826 0.333368 1232 0.523781 1216 0.120207 1226 0.0226435 
183 161 0.333368 694 0.546425 688 0.120207 1215 7.25174e-08 
184 61 0.855585 380 7.25174e-08 241 0.144414 302 1.90349e-07 
185 380 0.727452 99 0.142851 311 0.129697 1106 1.90349e-07 
186 485 0.285702 310 0.120207 99 0.594091 1105 1.90349e-07 
187 98 0.428552 484 0.120207 485 0.45124 1103 1.90349e-07 
188 398 0.571448 399 0.120207 98 0.308345 781 1.90349e-07 
189 145 0.714298 400 0.120207 398 0.165494 1120 1.90349e-07 
190 636 0.857149 638 0.120207 145 0.0226433 775 1.90349e-07 
191 65 0.879793 245 0.120207 710 7.25174e-08 427 1.17832e-07 
192 1064 7.25174e-08 629 1.17832e-07 262 0.226702 49 0.773297 
193 456 0.142851 1066 1.90349e-07 455 0.0985689 297 0.75858 
194 458 0.255751 752 1.90349e-07 86 0.714298 548 0.0299504 
195 549 0.255751 784 1.90349e-07 548 0.571448 120 0.172801 
196 556 0.255751 1164 1.90349e-07 120 0.428552 347 0.315696 
197 557 0.255751 789 1.90349e-07 347 0.285702 84 0.458547 
198 454 0.255751 783 1.90349e-07 84 0.142851 453 0.601398 
199 268 0.255751 665 1.90349e-07 453 7.25174e-08 55 0.744249 
200 594 0.226703 795 7.25174e-08 592 0.439929 133 0.333368 
201 795 0.0985689 811 0.142851 1174 0.425212 1172 0.333368 
202 833 0.0299504 809 0.255751 195 0.333368 1113 0.38093 
203 831 0.255751 832 0.172801 833 0.23808 834 0.333368 
204 1165 0.255751 1235 0.315696 832 0.0951844 206 0.333368 
205 840 0.255751 841 0.410881 1166 0.285702 205 0.0476664 
206 827 0.255751 828 0.410881 205 0.142851 829 0.190517 
207 668 0.255751 690 0.410881 829 7.25174e-08 154 0.333368 
208 370 0.226703 1191 7.25174e-08 90 0.106665 596 0.666632 
209 1191 0.0985689 1189 0.142851 1176 0.0919482 1190 0.666632 
210 1137 0.0299504 1134 0.255751 1136 0.666632 201 0.0476664 
211 204 0.172801 1129 0.160567 1126 0.0951844 1131 0.571448 
212 1127 0.315696 1123 0.0176715 1124 0.23808 1125 0.428552 
213 777 0.255751 170 0.0776167 1121 0.285702 1226 0.38093 
214 836 0.255751 826 0.0776167 1226 0.142851 1232 0.523781 
215 429 0.255751 161 0.0776167 1232 7.25174e-08 694 0.666632 
216 274 0.226703 610 7.25174e-08 61 0.773297 466 1.90349e-07 
217 610 0.0985689 608 0.142851 380 0.75858 1177 1.90349e-07 
218 485 0.0299504 487 0.255751 1105 1.90349e-07 99 0.714298 
219 98 0.172801 486 0.255751 1103 1.90349e-07 485 0.571447 
220 398 0.315696 644 0.255751 781 1.90349e-07 98 0.428552 
221 145 0.458547 643 0.255751 1120 1.90349e-07 398 0.285701 
222 636 0.601398 637 0.255751 775 1.90349e-07 145 0.142851 
223 278 0.255751 65 0.744249 825 7.25174e-08 689 1.17832e-07 
224 1064 7.25174e-08 629 1.17832e-07 262 0.597819 49 0.40218 
225 456 0.142851 1066 1.90349e-07 455 0.469686 297 0.387463 
226 458 0.285701 752 1.90349e-07 456 0.341552 86 0.372746 
227 549 0.428552 458 0.203157 548 0.36829 752 1.90349e-07 
228 556 0.571448 549 0.0602619 120 0.36829 784 1.90349e-07 
229 557 0.63171 789 1.90349e-07 347 0.285702 84 0.0825887 
230 454 0.63171 783 1.90349e-07 84 0.142851 453 0.225439 
231 268 0.63171 665 1.90349e-07 453 7.25174e-08 55 0.36829 
232 594 0.59782 795 7.25174e-08 592 0.0688124 133 0.333368 
233 795 0.469686 811 0.142851 1174 0.0540952 1172 0.333368 
234 811 0.341552 809 0.285702 1113 0.0393781 195 0.333368 
235 831 0.428552 809 0.203157 834 0.333368 833 0.0349223 
236 1165 0.571448 831 0.0602621 206 0.333368 832 0.0349223 
237 840 0.63171 841 0.0349223 1166 0.285702 205 0.0476664 
238 827 0.63171 828 0.0349223 205 0.142851 829 0.190517 
239 668 0.63171 690 0.0349223 829 7.25174e-08 154 0.333368 
240 595 0.264452 370 0.333368 596 0.40218 1191 7.25174e-08 
241 804 0.279169 1191 0.190517 1190 0.387463 1189 0.142851 
242 1192 0.293886 1189 0.0476664 1136 0.372746 1134 0.285702 
243 1129 0.333368 1126 0.0951844 1131 0.36829 1135 0.203157 
244 1123 0.333368 1124 0.23808 1125 0.36829 1126 0.0602621 
245 777 0.333368 1229 0.298342 1226 0.0825887 1121 0.285702 
246 836 0.333368 1224 0.298342 1232 0.225439 1226 0.142851 
247 429 0.333368 695 0.298342 694 0.36829 1232 7.25174e-08 
248 274 0.59782 610 7.25174e-08 61 0.40218 466 1.90349e-07 
249 610 0.469686 608 0.142851 380 0.387463 1177 1.90349e-07 
250 608 0.341552 487 0.285702 99 0.372746 1105 1.90349e-07 
251 486 0.428552 485 0.36829 487 0.203157 1104 1.90349e-07 
252 644 0.571448 98 0.36829 486 0.0602619 1128 1.90349e-07 
253 145 0.0825887 643 0.63171 1120 1.90349e-07 398 0.285701 
254 636 0.225439 637 0.63171 775 1.90349e-07 145 0.142851 
255 278 0.63171 65 0.36829 825 7.25174e-08 689 1.17832e-07 
256 1064 7.25174e-08 629 1.17832e-07 262 0.968937 49 0.0310632 
257 456 0.142851 1066 1.90349e-07 455 0.840803 297 0.0163461 
258 458 0.285701 752 1.90349e-07 456 0.71267 86 0.00162891 
259 31 0.00766809 751 1.90349e-07 458 0.571448 549 0.420884 
260 554 0.00766809 1154 1.90349e-07 549 0.428552 556 0.563779 
261 121 0.00766809 788 1.90349e-07 556 0.285702 557 0.70663 
262 552 0.00766809 787 1.90349e-07 557 0.142851 454 0.849481 
263 17 0.00766809 666 1.90349e-07 454 7.25174e-08 268 0.992332 
264 795 7.25174e-08 594 0.666632 627 0.302305 133 0.0310632 
265 811 0.142851 795 0.523781 1198 0.317022 1172 0.0163461 
266 809 0.285702 811 0.38093 813 0.331739 195 0.00162891 
267 1057 0.00766828 1147 0.333368 831 0.0875161 809 0.571448 
268 1157 0.00766828 1162 0.333368 1165 0.230411 831 0.428552 
269 1160 0.00766828 1167 0.333368 840 0.373262 1165 0.285702 
270 1159 0.00766828 1141 0.333368 827 0.516113 840 0.142851 
271 419 0.00766828 667 0.333368 668 0.658964 827 7.25174e-08 
272 595 0.635569 370 0.333368 596 0.0310632 1191 7.25174e-08 
273 804 0.650286 1191 0.190517 1190 0.0163461 1189 0.142851 
274 1192 0.665003 1189 0.0476664 1136 0.00162891 1134 0.285702 
275 1129 0.333368 1126 0.0875161 1135 0.571448 1101 0.00766828 
276 1123 0.333368 1124 0.230411 1126 0.428552 971 0.00766828 
277 175 0.00766828 777 0.3257 1124 0.285702 1229 0.38093 
278 835 0.00766828 836 0.3257 1229 0.142851 1224 0.523781 
279 107 0.00766828 429 0.3257 1224 7.25174e-08 695 0.666632 
280 274 0.968937 610 7.25174e-08 61 0.031063 466 1.90349e-07 
281 610 0.840803 608 0.142851 380 0.0163459 1177 1.90349e-07 
282 608 0.71267 487 0.285702 99 0.00162872 1105 1.90349e-07 
283 486 0.420884 36 0.00766828 1104 1.90349e-07 487 0.571447 
284 644 0.563779 640 0.00766828 1128 1.90349e-07 486 0.428552 
285 643 0.70663 146 0.00766828 1130 1.90349e-07 644 0.285701 
286 637 0.849481 642 0.00766828 776 1.90349e-07 643 0.142851 
287 22 0.00766828 278 0.992332 774 7.25174e-08 431 1.17832e-07 
288 1065 7.25174e-08 395 1.17832e-07 14 0.340054 262 0.659946 
289 85 0.142851 1063 1.90349e-07 353 0.21192 455 0.645229 
290 457 0.285701 753 1.90349e-07 85 0.0837866 456 0.630512 
291 31 0.383627 751 1.90349e-07 458 0.571448 549 0.0449255 
292 554 0.383627 1154 1.90349e-07 549 0.428552 556 0.187821 
293 121 0.383627 788 1.90349e-07 556 0.285702 557 0.330672 
294 552 0.383627 787 1.90349e-07 557 0.142851 454 0.473522 
295 17 0.383627 666 1.90349e-07 454 7.25174e-08 268 0.616373 
296 795 7.25174e-08 594 0.326578 628 0.340054 627 0.333368 
297 811 0.142851 795 0.16901 1196 0.354771 1198 0.333368 
298 809 0.285702 811 0.0114423 812 0.369488 813 0.333368 
299 1057 0.383627 1147 0.0449255 809 0.283005 1058 0.288442 
300 1157 0.383627 1162 0.187821 831 0.283005 1147 0.145547 
301 1160 0.383627 1167 0.330672 1165 0.283005 1162 0.00269634 
302 1159 0.383627 1141 0.333368 827 0.140154 840 0.142851 
303 419 0.383627 667 0.333368 668 0.283005 827 7.25174e-08 
304 588 0.00668593 130 0.333368 595 0.659946 803 7.25174e-08 
305 802 0.0214031 803 0.190517 804 0.645229 209 0.142851 
306 805 0.0361203 209 0.0476664 1192 0.630512 1187 0.285702 
307 1129 0.0449255 200 0.288442 1101 0.0951844 1135 0.571448 
308 1123 0.187821 1099 0.145547 971 0.23808 1126 0.428552 
309 175 0.333368 970 0.0502589 1229 0.330672 1124 0.285702 
310 835 0.333368 967 0.0502589 1224 0.473522 1229 0.142851 
311 107 0.333368 505 0.0502589 695 0.616373 1224 7.25174e-08 
312 20 0.340054 385 7.25174e-08 274 0.659946 371 1.90349e-07 
313 385 0.21192 138 0.142851 610 0.645229 797 1.90349e-07 
314 138 0.0837866 609 0.285702 608 0.630512 1175 1.90349e-07 
315 486 0.0449255 36 0.383627 1104 1.90349e-07 487 0.571447 
316 644 0.187821 640 0.383627 1128 1.90349e-07 486 0.428552 
317 643 0.330672 146 0.383627 1130 1.90349e-07 644 0.285701 
318 637 0.473522 642 0.383627 776 1.90349e-07 643 0.142851 
319 22 0.383627 278 0.616373 774 7.25174e-08 431 1.17832e-07 
320 1065 7.25174e-08 395 1.17832e-07 14 0.711171 262 0.288829 
321 85 0.142851 1063 1.90349e-07 353 0.583037 455 0.274112 
322 457 0.285701 753 1.90349e-07 85 0.454904 456 0.259395 
323 31 0.428552 751 1.90349e-07 457 0.32677 458 0.244678 
324 554 0.571448 31 0.188138 549 0.240415 751 1.90349e-07 
325 121 0.714298 554 0.0452867 556 0.240415 1154 1.90349e-07 
326 552 0.759585 787 1.90349e-07 557 0.142851 454 0.0975638 
327 17 0.759585 666 1.90349e-07 454 7.25174e-08 268 0.240415 
328 1196 7.25174e-08 628 0.666632 143 0.0445389 627 0.288829 
329 812 0.142851 1196 0.523781 1197 0.0592561 1198 0.274112 
330 810 0.285702 812 0.38093 196 0.0739732 813 0.259395 
331 1057 0.428552 1058 0.244678 810 0.23808 1059 0.0886904 
332 1156 0.0929533 1157 0.478494 1057 0.188138 1147 0.240415 
333 207 0.0929533 1160 0.621345 1157 0.0452869 1162 0.240415 
334 790 0.0929533 1159 0.666632 1167 0.142851 1141 0.0975638 
335 153 0.0929533 419 0.666632 1141 7.25174e-08 667 0.240415 
336 588 0.377803 130 0.333368 595 0.288829 803 7.25174e-08 
337 802 0.39252 803 0.190517 804 0.274112 209 0.142851 
338 805 0.407237 209 0.0476664 1192 0.259395 1187 0.285702 
339 1186 0.32677 1101 0.0951844 200 0.333368 1135 0.244678 
340 1099 0.333368 971 0.23808 1126 0.240415 1101 0.188138 
341 175 0.333368 970 0.38093 1124 0.240415 971 0.0452869 
342 835 0.333368 967 0.426217 1224 0.0975638 1229 0.142851 
343 107 0.333368 505 0.426217 695 0.240415 1224 7.25174e-08 
344 20 0.711171 385 7.25174e-08 274 0.288829 371 1.90349e-07 
345 385 0.583037 138 0.142851 610 0.274112 797 1.90349e-07 
346 138 0.454904 609 0.285702 608 0.259395 1175 1.90349e-07 
347 609 0.32677 36 0.428552 487 0.244677 1104 1.90349e-07 
348 640 0.571448 486 0.240415 36 0.188138 1098 1.90349e-07 
349 146 0.714298 644 0.240415 640 0.0452867 1096 1.90349e-07 
350 637 0.0975638 642 0.759585 776 1.90349e-07 643 0.142851 
351 22 0.759585 278 0.240414 774 7.25174e-08 431 1.17832e-07 
352 1071 7.25174e-08 394 1.17832e-07 261 0.0822879 14 0.917712 
353 85 0.0458456 352 0.097005 353 0.857149 1090 1.90349e-07 
354 457 0.173979 566 0.111722 85 0.714298 765 1.90349e-07 
355 31 0.302113 562 0.126439 457 0.571448 763 1.90349e-07 
356 555 0.135544 938 1.90349e-07 31 0.428552 554 0.435904 
357 553 0.135544 950 1.90349e-07 554 0.285702 121 0.578755 
358 551 0.135544 949 1.90349e-07 121 0.142851 552 0.721605 
359 267 0.135544 673 1.90349e-07 552 7.25174e-08 17 0.864456 
360 1196 7.25174e-08 628 0.584344 634 0.0822881 143 0.333368 
361 812 0.142851 1196 0.426776 1214 0.0970052 1197 0.333368 
362 810 0.285702 812 0.269208 823 0.111722 196 0.333368 
363 1057 0.302113 1086 0.12644 1059 0.333368 810 0.23808 
364 1085 0.135544 1156 0.333368 1157 0.102536 1057 0.428552 
365 1155 0.135544 207 0.333368 1160 0.245387 1157 0.285702 
366 1161 0.135544 790 0.333368 1159 0.388237 1160 0.142851 
367 417 0.135544 153 0.333368 419 0.531088 1159 7.25174e-08 
368 586 0.082288 954 7.25174e-08 130 0.25108 588 0.666632 
369 1178 0.0970052 802 0.666632 209 0.0458456 803 0.190517 
370 1188 0.111722 805 0.666632 1187 0.173979 209 0.0476664 
371 1168 0.12644 1186 0.571448 1101 0.0951844 200 0.206928 
372 1099 0.333368 971 0.102536 1101 0.428552 958 0.135544 
373 968 0.135544 175 0.197824 971 0.285702 970 0.38093 
374 973 0.135544 835 0.197824 970 0.142851 967 0.523781 
375 504 0.135544 107 0.197824 967 7.25174e-08 505 0.666632 
376 273 0.082288 384 7.25174e-08 20 0.917712 372 1.90349e-07 
377 383 0.0970052 1179 1.90349e-07 138 0.0458456 385 0.857149 
378 616 0.111722 1181 1.90349e-07 609 0.173979 138 0.714298 
379 614 0.12644 1182 1.90349e-07 36 0.302113 609 0.571447 
380 640 0.435904 615 0.135544 1098 1.90349e-07 36 0.428552 
381 146 0.578755 639 0.135544 1096 1.90349e-07 640 0.285701 
382 642 0.721605 641 0.135544 769 1.90349e-07 146 0.142851 
383 277 0.135544 22 0.864456 767 7.25174e-08 430 1.17832e-07 
384 1071 7.25174e-08 394 1.17832e-07 261 0.453405 14 0.546595 
385 352 0.142851 1090 1.90349e-07 354 0.325271 353 0.531878 
386 566 0.285701 765 1.90349e-07 352 0.197138 85 0.517161 
387 562 0.428552 763 1.90349e-07 566 0.0690043 457 0.502443 
388 555 0.511502 938 1.90349e-07 31 0.428552 554 0.0599452 
389 553 0.511502 950 1.90349e-07 554 0.285702 121 0.202796 
390 551 0.511502 949 1.90349e-07 121 0.142851 552 0.345647 
391 267 0.511502 673 1.90349e-07 552 7.25174e-08 17 0.488498 
392 1196 7.25174e-08 628 0.213227 634 0.453405 143 0.333368 
393 812 0.142851 1196 0.0556589 1214 0.468122 1197 0.333368 
394 810 0.183793 822 0.101909 196 0.333368 823 0.38093 
395 1086 0.428552 1059 0.333368 810 0.169075 822 0.0690043 
396 1085 0.511502 1156 0.0599452 1057 0.15513 194 0.273423 
397 1155 0.511502 207 0.202796 1157 0.15513 1156 0.130572 
398 1161 0.511502 790 0.333368 1159 0.0122788 1160 0.142851 
399 417 0.511502 153 0.333368 419 0.15513 1159 7.25174e-08 
400 587 0.120037 586 0.333368 588 0.546595 954 7.25174e-08 
401 953 0.134754 954 0.190517 802 0.531878 1178 0.142851 
402 1184 0.149472 1178 0.0476664 805 0.517161 1188 0.285702 
403 1185 0.0690043 960 0.0951844 1168 0.333368 1186 0.502443 
404 1099 0.0599452 1100 0.273423 958 0.23808 1101 0.428552 
405 968 0.333368 969 0.178134 970 0.202796 971 0.285702 
406 973 0.333368 966 0.178134 967 0.345647 970 0.142851 
407 504 0.333368 496 0.178134 505 0.488498 967 7.25174e-08 
408 273 0.453405 384 7.25174e-08 20 0.546595 372 1.90349e-07 
409 384 0.325271 383 0.142851 385 0.531877 1179 1.90349e-07 
410 383 0.197138 616 0.285702 138 0.51716 1181 1.90349e-07 
411 616 0.0690043 614 0.428552 609 0.502443 1182 1.90349e-07 
412 640 0.0599452 615 0.511502 1098 1.90349e-07 36 0.428552 
413 146 0.202796 639 0.511502 1096 1.90349e-07 640 0.285701 
414 642 0.345647 641 0.511502 769 1.90349e-07 146 0.142851 
415 277 0.511502 22 0.488497 767 7.25174e-08 430 1.17832e-07 
416 1071 7.25174e-08 394 1.17832e-07 261 0.824522 14 0.175478 
417 352 0.142851 1090 1.90349e-07 354 0.696389 353 0.160761 
418 566 0.285701 765 1.90349e-07 352 0.568255 85 0.146043 
419 562 0.428552 763 1.90349e-07 566 0.440121 457 0.131326 
420 555 0.571447 938 1.90349e-07 562 0.311944 31 0.116609 
421 553 0.714298 555 0.173162 554 0.112539 938 1.90349e-07 
422 551 0.857149 553 0.0303116 121 0.112539 950 1.90349e-07 
423 267 0.887461 673 1.90349e-07 552 7.25174e-08 17 0.112539 
424 1214 7.25174e-08 634 0.666632 393 0.15789 143 0.175478 
425 823 0.142851 1214 0.523781 1212 0.172607 1197 0.160761 
426 822 0.285702 823 0.38093 1093 0.187325 196 0.146043 
427 1086 0.428552 1059 0.131326 822 0.23808 1094 0.202042 
428 1085 0.571448 194 0.116609 1086 0.0951844 766 0.216759 
429 1158 0.220829 1155 0.49347 1085 0.173163 1156 0.112539 
430 1153 0.220829 1161 0.63632 1155 0.0303118 207 0.112539 
431 674 0.220829 417 0.666632 790 7.25174e-08 153 0.112539 
432 587 0.491154 586 0.333368 588 0.175478 954 7.25174e-08 
433 953 0.505871 954 0.190517 802 0.160761 1178 0.142851 
434 1184 0.520589 1178 0.0476664 805 0.146043 1188 0.285702 
435 1185 0.440121 960 0.0951844 1168 0.333368 1186 0.131326 
436 960 0.311944 958 0.23808 1100 0.333368 1101 0.116609 
437 968 0.333368 969 0.38093 971 0.112539 958 0.173163 
438 973 0.333368 966 0.523781 970 0.112539 969 0.0303118 
439 504 0.333368 496 0.554093 505 0.112539 967 7.25174e-08 
440 273 0.824522 384 7.25174e-08 20 0.175478 372 1.90349e-07 
441 384 0.696389 383 0.142851 385 0.16076 1179 1.90349e-07 
442 383 0.568255 616 0.285702 138 0.146043 1181 1.90349e-07 
443 616 0.440121 614 0.428552 609 0.131326 1182 1.90349e-07 
444 614 0.311944 615 0.571448 36 0.116608 1098 1.90349e-07 
445 639 0.714298 640 0.112539 615 0.173162 1097 1.90349e-07 
446 641 0.857149 146 0.112539 639 0.0303116 1102 1.90349e-07 
447 277 0.887461 22 0.112539 767 7.25174e-08 430 1.17832e-07 
448 1072 7.25174e-08 480 1.17832e-07 50 0.195639 261 0.804361 
449 123 0.142851 1070 1.90349e-07 560 0.0675057 354 0.789643 
450 566 0.0606279 565 0.225073 352 0.714298 1091 1.90349e-07 
451 562 0.188762 124 0.239791 566 0.571448 764 1.90349e-07 
452 555 0.316939 561 0.254508 562 0.428552 939 1.90349e-07 
453 122 0.263419 937 1.90349e-07 555 0.285702 553 0.450879 
454 345 0.263419 951 1.90349e-07 553 0.142851 551 0.59373 
455 56 0.263419 672 1.90349e-07 551 7.25174e-08 267 0.73658 
456 1214 7.25174e-08 634 0.470993 635 0.195639 393 0.333368 
457 823 0.142851 1214 0.313425 1211 0.210357 1212 0.333368 
458 822 0.285702 823 0.155857 1213 0.225074 1093 0.333368 
459 1086 0.188762 1087 0.239791 1094 0.333368 822 0.23808 
460 1085 0.316939 1088 0.254509 766 0.333368 1086 0.0951844 
461 762 0.263419 1158 0.333368 1155 0.117511 1085 0.285702 
462 786 0.263419 1153 0.333368 1161 0.260362 1155 0.142851 
463 675 0.263419 674 0.333368 417 0.403212 1161 7.25174e-08 
464 131 0.195639 952 7.25174e-08 586 0.137729 587 0.666632 
465 952 0.0675057 171 0.142851 954 0.123011 953 0.666632 
466 801 0.225074 1184 0.666632 1188 0.0606279 1178 0.0476664 
467 173 0.239791 1185 0.571448 960 0.0951844 1168 0.0935771 
468 957 0.254509 960 0.428552 958 0.23808 1100 0.0788594 
469 172 0.263419 968 0.0699484 958 0.285702 969 0.38093 
470 716 0.263419 973 0.0699484 969 0.142851 966 0.523781 
471 105 0.263419 504 0.0699484 966 7.25174e-08 496 0.666632 
472 62 0.195639 473 7.25174e-08 273 0.80436 589 1.90349e-07 
473 473 0.0675057 93 0.142851 384 0.789643 955 1.90349e-07 
474 617 0.225074 1183 1.90349e-07 616 0.0606279 383 0.714298 
475 139 0.239791 1180 1.90349e-07 614 0.188762 616 0.571447 
476 613 0.254509 1169 1.90349e-07 615 0.316939 614 0.428552 
477 639 0.450879 140 0.263419 1097 1.90349e-07 615 0.285701 
478 641 0.59373 397 0.263419 1102 1.90349e-07 639 0.142851 
479 66 0.263419 277 0.73658 768 7.25174e-08 503 1.17832e-07 
480 1072 7.25174e-08 480 1.17832e-07 50 0.566756 261 0.433244 
481 123 0.142851 1070 1.90349e-07 560 0.438623 354 0.418526 
482 565 0.285701 1091 1.90349e-07 123 0.310489 352 0.403809 
483 124 0.428552 764 1.90349e-07 565 0.182356 566 0.389092 
484 561 0.571447 939 1.90349e-07 124 0.054178 562 0.374374 
485 122 0.639378 937 1.90349e-07 555 0.285702 553 0.0749204 
486 345 0.639378 951 1.90349e-07 553 0.142851 551 0.217771 
487 56 0.639378 672 1.90349e-07 551 7.25174e-08 267 0.360622 
488 1214 7.25174e-08 634 0.0998756 635 0.566756 393 0.333368 
489 823 0.0851585 1213 0.0576924 1212 0.333368 1211 0.523781 
490 822 0.0704413 1092 0.21526 1093 0.333368 1213 0.38093 
491 1087 0.428552 1094 0.333368 822 0.0557241 1092 0.182356 
492 1088 0.571448 766 0.333368 1086 0.0410064 1087 0.054178 
493 762 0.639378 1158 0.0749204 1085 0.027254 1084 0.258448 
494 786 0.639378 1153 0.217771 1155 0.027254 1158 0.115597 
495 675 0.639378 674 0.333368 417 0.027254 1161 7.25174e-08 
496 952 7.25174e-08 131 0.333368 632 0.233389 587 0.433244 
497 171 0.142851 952 0.190517 1193 0.248106 953 0.418526 
498 801 0.285702 171 0.0476664 1210 0.262823 1184 0.403809 
499 173 0.333368 960 0.0951844 1185 0.293908 1202 0.27754 
500 957 0.333368 958 0.23808 960 0.136295 961 0.292258 
501 1050 0.30601 172 0.333368 958 0.285702 969 0.0749204 
502 1140 0.30601 716 0.333368 969 0.142851 966 0.217771 
503 495 0.30601 105 0.333368 966 7.25174e-08 496 0.360622 
504 62 0.566756 473 7.25174e-08 273 0.433243 589 1.90349e-07 
505 473 0.438623 93 0.142851 384 0.418526 955 1.90349e-07 
506 93 0.310489 617 0.285702 383 0.403809 1183 1.90349e-07 
507 617 0.182356 139 0.428552 616 0.389092 1180 1.90349e-07 
508 139 0.054178 613 0.571448 614 0.374374 1169 1.90349e-07 
509 639 0.0749204 140 0.639378 1097 1.90349e-07 615 0.285701 
510 641 0.217771 397 0.639378 1102 1.90349e-07 639 0.142851 
511 66 0.639378 277 0.360622 768 7.25174e-08 503 1.17832e-07 
512 1072 7.25174e-08 480 1.17832e-07 50 0.937873 261 0.0621265 
513 123 0.142851 1070 1.90349e-07 560 0.80974 354 0.0474093 
514 565 0.285701 1091 1.90349e-07 123 0.681606 352 0.0326921 
515 124 0.428552 764 1.90349e-07 565 0.553473 566 0.017975 
516 561 0.571447 939 1.90349e-07 124 0.425295 562 0.00325724 
517 122 0.702838 351 0.0114597 561 0.285702 943 1.90349e-07 
518 346 0.0153364 708 1.90349e-07 122 0.142851 345 0.841813 
519 236 0.0153364 415 1.90349e-07 345 7.25174e-08 56 0.984663 
520 1211 7.25174e-08 635 0.666632 96 0.271241 393 0.0621265 
521 1213 0.142851 1211 0.523781 1200 0.285959 1212 0.0474093 
522 1092 0.285702 1213 0.38093 198 0.300676 1093 0.0326921 
523 1087 0.428552 1094 0.017975 1092 0.23808 1089 0.315393 
524 1088 0.571448 766 0.00325724 1087 0.0951844 199 0.330111 
525 168 0.0476664 762 0.655172 760 0.0114599 1076 0.285702 
526 757 0.0153366 785 0.333368 786 0.508445 762 0.142851 
527 671 0.0153366 155 0.333368 675 0.651295 786 7.25174e-08 
528 952 7.25174e-08 131 0.333368 632 0.604506 587 0.0621265 
529 171 0.142851 952 0.190517 1193 0.619223 953 0.0474093 
530 801 0.285702 171 0.0476664 1210 0.63394 1184 0.0326921 
531 173 0.333368 960 0.017975 1202 0.571448 961 0.0772094 
532 957 0.333368 958 0.00325724 961 0.428552 959 0.234822 
533 1050 0.38093 172 0.321908 714 0.0114599 959 0.285702 
534 1048 0.0153366 1140 0.666632 716 0.175181 172 0.142851 
535 315 0.0153366 495 0.666632 105 0.318031 716 7.25174e-08 
536 62 0.937873 473 7.25174e-08 273 0.0621263 589 1.90349e-07 
537 473 0.80974 93 0.142851 384 0.0474091 955 1.90349e-07 
538 93 0.681606 617 0.285702 383 0.0326919 1183 1.90349e-07 
539 617 0.553473 139 0.428552 616 0.0179748 1180 1.90349e-07 
540 139 0.425295 613 0.571448 614 0.00325705 1169 1.90349e-07 
541 381 0.0114599 1170 1.90349e-07 140 0.702838 613 0.285701 
542 397 0.841813 382 0.0153366 1095 1.90349e-07 140 0.142851 
543 246 0.0153366 66 0.984663 715 7.25174e-08 319 1.17832e-07 
544 1074 7.25174e-08 308 1.17832e-07 230 0.30899 50 0.691009 
545 558 0.142851 1075 1.90349e-07 350 0.180857 560 0.676292 
546 559 0.285701 755 1.90349e-07 558 0.0527234 123 0.661575 
547 124 0.0754102 564 0.353142 565 0.571448 1078 1.90349e-07 
548 561 0.203588 563 0.36786 124 0.428552 941 1.90349e-07 
549 122 0.331721 351 0.382577 561 0.285702 943 1.90349e-07 
550 346 0.391295 708 1.90349e-07 122 0.142851 345 0.465854 
551 236 0.391295 415 1.90349e-07 345 7.25174e-08 56 0.608705 
552 1211 7.25174e-08 635 0.357641 482 0.308991 96 0.333368 
553 1213 0.142851 1211 0.200073 1199 0.323708 1200 0.333368 
554 1092 0.285702 1213 0.0425055 815 0.338425 198 0.333368 
555 1087 0.0754102 1082 0.353142 1089 0.333368 1092 0.23808 
556 1088 0.203588 1079 0.36786 199 0.333368 1087 0.0951844 
557 168 0.0476664 762 0.284055 760 0.382577 1076 0.285702 
558 757 0.391295 785 0.333368 786 0.132486 762 0.142851 
559 671 0.391295 155 0.333368 675 0.275337 786 7.25174e-08 
560 952 7.25174e-08 131 0.0243772 392 0.308991 632 0.666632 
561 171 0.00966014 807 0.133191 1193 0.666632 1195 0.190517 
562 818 0.285702 807 0.0476664 1204 0.00505702 1210 0.661575 
563 817 0.333368 961 0.0951844 1202 0.551673 1207 0.0197742 
564 965 0.333368 959 0.23808 961 0.39406 963 0.0344919 
565 1050 0.331721 1056 0.0492091 959 0.285702 714 0.333368 
566 748 0.0579272 1048 0.333368 1050 0.142851 1140 0.465854 
567 497 0.0579272 315 0.333368 1140 7.25174e-08 495 0.608705 
568 242 0.308991 305 7.25174e-08 62 0.691009 366 1.90349e-07 
569 305 0.180857 474 0.142851 473 0.676292 956 1.90349e-07 
570 474 0.0527234 475 0.285702 93 0.661575 799 1.90349e-07 
571 612 0.353142 800 1.90349e-07 139 0.0754102 617 0.571447 
572 611 0.36786 793 1.90349e-07 613 0.203588 139 0.428552 
573 381 0.382577 1170 1.90349e-07 140 0.331721 613 0.285701 
574 397 0.465854 382 0.391295 1095 1.90349e-07 140 0.142851 
575 246 0.391295 66 0.608705 715 7.25174e-08 319 1.17832e-07 
576 1074 7.25174e-08 308 1.17832e-07 230 0.680122 50 0.319878 
577 558 0.142851 1075 1.90349e-07 350 0.551989 560 0.305161 
578 559 0.285701 755 1.90349e-07 558 0.423855 123 0.290443 
579 564 0.428552 1078 1.90349e-07 559 0.295721 565 0.275726 
580 563 0.571447 941 1.90349e-07 564 0.167544 124 0.261009 
581 351 0.714298 943 1.90349e-07 563 0.0394102 561 0.246291 
582 346 0.767268 708 1.90349e-07 122 0.142851 345 0.0898809 
583 236 0.767268 415 1.90349e-07 345 7.25174e-08 56 0.232732 
584 1199 7.25174e-08 482 0.666632 481 0.0134901 96 0.319878 
585 815 0.142851 1199 0.523781 1201 0.0282073 1200 0.305161 
586 814 0.285702 815 0.38093 816 0.0429245 198 0.290443 
587 1082 0.428552 1089 0.275726 814 0.23808 1068 0.0576416 
588 1079 0.571448 199 0.261009 1082 0.0951844 1081 0.0723594 
589 759 0.0476664 760 0.666632 1083 0.0394102 1076 0.246291 
590 935 0.100636 757 0.666632 168 0.142851 785 0.0898809 
591 669 0.100636 671 0.666632 785 7.25174e-08 155 0.232732 
592 1195 7.25174e-08 392 0.333368 630 0.346754 632 0.319878 
593 807 0.142851 1195 0.190517 1194 0.361471 1193 0.305161 
594 818 0.285702 807 0.0476664 1204 0.376189 1210 0.290443 
595 817 0.333368 961 0.0951844 1202 0.180542 1207 0.390906 
596 965 0.333368 959 0.23808 961 0.0229288 963 0.405623 
597 1056 0.38093 714 0.333368 962 0.0394102 959 0.246291 
598 748 0.4339 1048 0.333368 1050 0.142851 1140 0.0898809 
599 497 0.4339 315 0.333368 1140 7.25174e-08 495 0.232732 
600 242 0.680122 305 7.25174e-08 62 0.319878 366 1.90349e-07 
601 305 0.551989 474 0.142851 473 0.30516 956 1.90349e-07 
602 474 0.423855 475 0.285702 93 0.290443 799 1.90349e-07 
603 475 0.295721 612 0.428552 617 0.275726 800 1.90349e-07 
604 612 0.167544 611 0.571448 139 0.261008 793 1.90349e-07 
605 611 0.0394102 381 0.714298 613 0.246291 1170 1.90349e-07 
606 397 0.0898809 382 0.767268 1095 1.90349e-07 140 0.142851 
607 246 0.767268 66 0.232732 715 7.25174e-08 319 1.17832e-07 
608 1025 7.25174e-08 309 1.17832e-07 3 0.0512391 230 0.948761 
609 558 0.0768944 119 0.0659563 350 0.857149 1073 1.90349e-07 
610 559 0.205028 545 0.0806734 558 0.714298 756 1.90349e-07 
611 564 0.333162 30 0.0953906 559 0.571448 754 1.90349e-07 
612 563 0.461339 538 0.110108 564 0.428552 942 1.90349e-07 
613 351 0.589473 117 0.124825 563 0.285702 940 1.90349e-07 
614 346 0.717606 338 0.139543 351 0.142851 709 1.90349e-07 
615 6 0.143227 416 1.90349e-07 346 7.25174e-08 236 0.856773 
616 1199 7.25174e-08 482 0.615393 483 0.0512393 481 0.333368 
617 815 0.142851 1199 0.457825 1020 0.0659565 1201 0.333368 
618 814 0.285702 815 0.300257 735 0.0806736 816 0.333368 
619 1082 0.333162 1067 0.0953908 1068 0.333368 814 0.23808 
620 1079 0.461339 1080 0.110109 1081 0.333368 1082 0.0951844 
621 759 0.0476664 760 0.541806 761 0.124826 1083 0.285702 
622 935 0.190517 757 0.527089 758 0.139543 759 0.142851 
623 670 0.143227 669 0.333368 671 0.523405 757 7.25174e-08 
624 1195 7.25174e-08 392 0.282129 92 0.0512393 630 0.666632 
625 807 0.142851 1195 0.124561 1012 0.0659565 1194 0.666632 
626 818 0.252694 743 0.0330073 1204 0.666632 184 0.0476664 
627 817 0.237977 167 0.0953908 963 0.0951844 1207 0.571448 
628 965 0.223259 929 0.110109 962 0.23808 963 0.428552 
629 1056 0.38093 714 0.208542 165 0.124826 962 0.285702 
630 748 0.523781 1048 0.193825 1049 0.139543 1056 0.142851 
631 104 0.143227 497 0.666632 315 0.190141 1048 7.25174e-08 
632 8 0.0512392 306 7.25174e-08 242 0.948761 367 1.90349e-07 
633 94 0.0659565 711 1.90349e-07 474 0.0768944 305 0.857149 
634 476 0.0806736 806 1.90349e-07 475 0.205028 474 0.714298 
635 37 0.0953908 798 1.90349e-07 612 0.333162 475 0.571447 
636 491 0.110109 791 1.90349e-07 611 0.461339 612 0.428552 
637 101 0.124826 792 1.90349e-07 381 0.589473 611 0.285701 
638 313 0.139543 713 1.90349e-07 382 0.717606 381 0.142851 
639 10 0.143227 246 0.856773 712 7.25174e-08 317 1.17832e-07 
640 1025 7.25174e-08 309 1.17832e-07 3 0.422356 230 0.577644 
641 119 0.142851 1073 1.90349e-07 340 0.294223 350 0.562926 
642 545 0.285701 756 1.90349e-07 119 0.166089 558 0.548209 
643 30 0.428552 754 1.90349e-07 545 0.0379555 559 0.533492 
644 563 0.090222 538 0.481225 564 0.428552 942 1.90349e-07 
645 351 0.218356 117 0.495943 563 0.285702 940 1.90349e-07 
646 346 0.346489 338 0.51066 351 0.142851 709 1.90349e-07 
647 6 0.519185 416 1.90349e-07 346 7.25174e-08 236 0.480815 
648 1199 7.25174e-08 482 0.244276 483 0.422356 481 0.333368 
649 815 0.142851 1199 0.0867077 1020 0.437074 1201 0.333368 
650 814 0.214841 732 0.0708602 816 0.333368 735 0.38093 
651 1067 0.428552 1068 0.333368 814 0.200124 732 0.0379555 
652 1079 0.090222 1080 0.481226 1081 0.333368 1082 0.0951844 
653 759 0.0476664 760 0.170689 761 0.495943 1083 0.285702 
654 935 0.190517 757 0.155972 758 0.51066 759 0.142851 
655 670 0.519185 669 0.333368 671 0.147447 757 7.25174e-08 
656 1012 7.25174e-08 92 0.333368 472 0.0889885 630 0.577644 
657 184 0.142851 1012 0.190517 1013 0.103706 1194 0.562926 
658 743 0.285702 184 0.0476664 1042 0.118423 1204 0.548209 
659 167 0.333368 963 0.0951844 1207 0.438308 1040 0.13314 
660 929 0.333368 962 0.23808 963 0.280695 933 0.147858 
661 1056 0.218356 1053 0.162575 962 0.285702 165 0.333368 
662 748 0.346489 749 0.177292 1056 0.142851 1049 0.333368 
663 499 0.185817 104 0.333368 748 7.25174e-08 497 0.480815 
664 8 0.422356 306 7.25174e-08 242 0.577643 367 1.90349e-07 
665 306 0.294223 94 0.142851 305 0.562926 711 1.90349e-07 
666 94 0.166089 476 0.285702 474 0.548209 806 1.90349e-07 
667 476 0.0379555 37 0.428552 475 0.533492 798 1.90349e-07 
668 491 0.481226 791 1.90349e-07 611 0.090222 612 0.428552 
669 101 0.495943 792 1.90349e-07 381 0.218356 611 0.285701 
670 313 0.51066 713 1.90349e-07 382 0.346489 381 0.142851 
671 10 0.519185 246 0.480814 712 7.25174e-08 317 1.17832e-07 
672 1025 7.25174e-08 309 1.17832e-07 3 0.793473 230 0.206527 
673 119 0.142851 1073 1.90349e-07 340 0.66534 350 0.191809 
674 545 0.285701 756 1.90349e-07 119 0.537206 558 0.177092 
675 30 0.428552 754 1.90349e-07 545 0.409073 559 0.162375 
676 538 0.571447 942 1.90349e-07 30 0.280895 564 0.147657 
677 117 0.714298 940 1.90349e-07 538 0.152761 563 0.13294 
678 338 0.857149 709 1.90349e-07 117 0.0246279 351 0.118223 
679 6 0.895144 416 1.90349e-07 346 7.25174e-08 236 0.104856 
680 1020 7.25174e-08 483 0.666632 97 0.126841 481 0.206527 
681 735 0.142851 1020 0.523781 1024 0.141559 1201 0.191809 
682 732 0.285702 735 0.38093 188 0.156276 816 0.177092 
683 1067 0.428552 1068 0.162375 732 0.23808 1069 0.170993 
684 1080 0.571448 1081 0.147657 1067 0.0951844 197 0.185711 
685 169 0.0476664 761 0.666632 1077 0.152761 1083 0.13294 
686 936 0.190517 758 0.666632 169 0.0246279 759 0.118223 
687 156 0.228512 670 0.666632 935 7.25174e-08 669 0.104856 
688 1012 7.25174e-08 92 0.333368 472 0.460106 630 0.206527 
689 184 0.142851 1012 0.190517 1013 0.474823 1194 0.191809 
690 743 0.285702 184 0.0476664 1042 0.48954 1204 0.177092 
691 167 0.333368 963 0.0951844 1207 0.0671906 1040 0.504257 
692 929 0.333368 962 0.147657 933 0.428552 930 0.0904224 
693 1053 0.38093 165 0.333368 930 0.152761 962 0.13294 
694 749 0.523781 1049 0.333368 1053 0.0246279 1056 0.118223 
695 499 0.561776 104 0.333368 748 7.25174e-08 497 0.104856 
696 8 0.793473 306 7.25174e-08 242 0.206526 367 1.90349e-07 
697 306 0.66534 94 0.142851 305 0.191809 711 1.90349e-07 
698 94 0.537206 476 0.285702 474 0.177092 806 1.90349e-07 
699 476 0.409073 37 0.428552 475 0.162375 798 1.90349e-07 
700 37 0.280895 491 0.571448 612 0.147657 791 1.90349e-07 
701 491 0.152761 101 0.714298 611 0.13294 792 1.90349e-07 
702 101 0.0246279 313 0.857149 381 0.118223 713 1.90349e-07 
703 10 0.895144 246 0.104856 712 7.25174e-08 317 1.17832e-07 
704 293 7.25174e-08 376 1.90349e-07 231 0.203399 3 0.7966 
705 339 0.142851 293 0.075265 340 0.781884 1027 1.90349e-07 
706 543 0.236018 1337 1.90349e-07 119 0.714298 545 0.0496831 
707 544 0.253921 1336 1.90349e-07 545 0.571448 30 0.174631 
708 539 0.271824 1332 1.90349e-07 30 0.428552 538 0.299624 
709 537 0.289726 1331 1.90349e-07 538 0.285702 117 0.424572 
710 337 0.307629 1329 1.90349e-07 117 0.142851 338 0.54952 
711 237 0.325531 423 1.90349e-07 338 7.25174e-08 6 0.674469 
712 1022 7.25174e-08 601 0.2034 97 0.333368 483 0.463232 
713 1028 0.142851 1020 0.523781 1026 0.0752652 1024 0.258103 
714 732 0.0496831 734 0.236018 188 0.333368 735 0.38093 
715 1361 0.253921 1067 0.174631 732 0.23808 1069 0.333368 
716 1373 0.271824 1080 0.299624 1067 0.0951844 197 0.333368 
717 1376 0.289726 761 0.376906 1077 0.285702 169 0.0476664 
718 1358 0.307629 758 0.359003 169 0.142851 936 0.190517 
719 698 0.325531 670 0.341101 936 7.25174e-08 156 0.333368 
720 1014 7.25174e-08 470 0.2034 472 0.666632 92 0.129968 
721 1011 0.142851 1012 0.190517 1015 0.0752652 1013 0.591367 
722 743 0.0496831 744 0.236018 1042 0.666632 184 0.0476664 
723 167 0.174631 742 0.158736 1031 0.0951844 1040 0.571448 
724 929 0.299624 931 0.0337443 932 0.23808 933 0.428552 
725 928 0.289726 165 0.0436415 930 0.285702 1053 0.38093 
726 1357 0.307629 1049 0.025739 1053 0.142851 749 0.523781 
727 506 0.325531 104 0.00783655 749 7.25174e-08 499 0.666632 
728 404 7.25174e-08 243 0.2034 304 1.90349e-07 8 0.7966 
729 403 0.142851 306 0.781884 404 0.075265 1010 1.90349e-07 
730 476 0.0496831 649 0.236018 729 1.90349e-07 94 0.714298 
731 37 0.174631 650 0.253921 727 1.90349e-07 476 0.571447 
732 491 0.299624 490 0.271824 740 1.90349e-07 37 0.428552 
733 101 0.424572 489 0.289726 926 1.90349e-07 491 0.285701 
734 313 0.54952 312 0.307629 707 1.90349e-07 101 0.142851 
735 247 0.325531 10 0.674468 705 7.25174e-08 316 1.17832e-07 
736 293 7.25174e-08 376 1.90349e-07 231 0.662023 3 0.337977 
737 339 0.142851 293 0.526704 340 0.330445 1027 1.90349e-07 
738 543 0.285702 339 0.401756 119 0.312542 1338 1.90349e-07 
739 544 0.428552 543 0.276808 545 0.29464 1337 1.90349e-07 
740 539 0.571448 544 0.151816 30 0.276737 1336 1.90349e-07 
741 537 0.714298 539 0.0268672 538 0.258834 1332 1.90349e-07 
742 337 0.759068 1329 1.90349e-07 117 0.142851 338 0.0980809 
743 237 0.776971 423 1.90349e-07 338 7.25174e-08 6 0.223029 
744 1022 7.25174e-08 601 0.662023 97 0.333368 483 0.00460879 
745 1028 0.142851 1020 0.330445 1022 0.193337 1026 0.333368 
746 734 0.285702 735 0.312542 1028 0.0683882 1023 0.333368 
747 1361 0.428552 734 0.23808 1363 0.0387282 1069 0.29464 
748 1373 0.571448 1361 0.0951844 1362 0.0566313 197 0.276737 
749 1376 0.666632 1359 0.0476664 1077 0.258834 1374 0.0268674 
750 1358 0.666632 1360 0.0924362 936 0.0980809 169 0.142851 
751 698 0.666632 432 0.110339 156 0.223029 936 7.25174e-08 
752 1014 7.25174e-08 470 0.333368 471 0.328655 472 0.337977 
753 1011 0.142851 1012 0.190517 1015 0.526704 1013 0.139928 
754 744 0.285702 184 0.0476664 1043 0.401756 1042 0.264876 
755 742 0.333368 1031 0.0951844 1040 0.29464 1044 0.276808 
756 931 0.333368 932 0.23808 933 0.276737 1031 0.151816 
757 928 0.333368 1356 0.38093 930 0.258834 932 0.0268674 
758 1357 0.333368 1355 0.4257 749 0.0980809 1053 0.142851 
759 506 0.333368 435 0.443603 499 0.223029 749 7.25174e-08 
760 404 7.25174e-08 243 0.662023 304 1.90349e-07 8 0.337977 
761 403 0.142851 306 0.330445 404 0.526704 1010 1.90349e-07 
762 649 0.285702 94 0.312542 403 0.401756 1016 1.90349e-07 
763 650 0.428552 476 0.29464 649 0.276808 728 1.90349e-07 
764 490 0.571448 37 0.276737 650 0.151816 741 1.90349e-07 
765 489 0.714298 491 0.258834 490 0.0268672 927 1.90349e-07 
766 313 0.0980809 312 0.759068 707 1.90349e-07 101 0.142851 
767 247 0.776971 10 0.223029 705 7.25174e-08 316 1.17832e-07 
768 292 7.25174e-08 386 1.90349e-07 51 0.120647 231 0.879353 
769 81 0.120994 1268 1.90349e-07 293 0.857149 339 0.0218562 
770 541 0.138897 1339 1.90349e-07 339 0.714298 543 0.146804 
771 118 0.156799 1335 1.90349e-07 543 0.571448 544 0.271753 
772 546 0.174703 1350 1.90349e-07 544 0.428552 539 0.396745 
773 116 0.192605 1330 1.90349e-07 539 0.285702 537 0.521693 
774 540 0.210507 1333 1.90349e-07 537 0.142851 337 0.646642 
775 57 0.22841 422 1.90349e-07 337 7.25174e-08 237 0.77159 
776 1251 7.25174e-08 603 0.120647 375 0.333368 601 0.545985 
777 1028 0.0218562 854 0.120995 1026 0.333368 1022 0.523781 
778 734 0.146804 916 0.138897 1023 0.333368 1028 0.38093 
779 915 0.1568 1361 0.271753 734 0.23808 1363 0.333368 
780 1375 0.174703 1373 0.396745 1361 0.0951844 1362 0.333368 
781 924 0.192605 1376 0.474027 1374 0.285702 1359 0.0476664 
782 911 0.210508 1358 0.456124 1359 0.142851 1360 0.190517 
783 696 0.22841 698 0.438222 1360 7.25174e-08 432 0.333368 
784 1244 7.25174e-08 91 0.120647 471 0.666632 470 0.212721 
785 1011 0.0218562 185 0.120995 1015 0.666632 1014 0.190517 
786 744 0.146804 1047 0.138897 1043 0.666632 1011 0.0476664 
787 742 0.271753 191 0.0616151 1034 0.0951844 1044 0.571448 
788 931 0.333368 932 0.063377 1031 0.428552 1030 0.174703 
789 166 0.192605 928 0.140763 932 0.285702 1356 0.38093 
790 909 0.210508 1357 0.12286 1356 0.142851 1355 0.523781 
791 108 0.22841 506 0.104958 1355 7.25174e-08 435 0.666632 
792 408 7.25174e-08 63 0.120647 303 1.90349e-07 243 0.879353 
793 403 0.0218562 150 0.120995 1010 1.90349e-07 404 0.857149 
794 649 0.146804 651 0.138897 1016 1.90349e-07 403 0.714298 
795 650 0.271753 149 0.1568 728 1.90349e-07 649 0.571447 
796 490 0.396745 655 0.174703 741 1.90349e-07 650 0.428552 
797 489 0.521693 100 0.192605 927 1.90349e-07 490 0.285701 
798 312 0.646642 488 0.210508 934 1.90349e-07 489 0.142851 
799 67 0.22841 247 0.77159 706 7.25174e-08 320 1.17832e-07 
800 292 7.25174e-08 386 1.90349e-07 51 0.57927 231 0.42073 
801 81 0.142851 1267 1.90349e-07 292 0.436419 293 0.42073 
802 541 0.285702 81 0.304635 339 0.409664 1268 1.90349e-07 
803 118 0.428552 541 0.179686 543 0.391761 1339 1.90349e-07 
804 546 0.571448 118 0.0546942 544 0.373858 1335 1.90349e-07 
805 116 0.644044 1330 1.90349e-07 539 0.285702 537 0.0702539 
806 540 0.661947 1333 1.90349e-07 537 0.142851 337 0.195202 
807 57 0.679849 422 1.90349e-07 337 7.25174e-08 237 0.320151 
808 1251 7.25174e-08 603 0.57927 375 0.333368 601 0.0873617 
809 854 0.142851 1251 0.43642 1026 0.333368 1022 0.0873617 
810 916 0.285702 1028 0.38093 190 0.304635 1023 0.0287331 
811 915 0.428552 916 0.179687 1363 0.333368 734 0.0583932 
812 1375 0.571448 915 0.0546944 1362 0.333368 1361 0.04049 
813 924 0.644044 1376 0.0225876 1374 0.285702 1359 0.0476664 
814 911 0.661947 1358 0.00468514 1359 0.142851 1360 0.190517 
815 696 0.666632 160 0.0132173 432 0.320151 1360 7.25174e-08 
816 1244 7.25174e-08 91 0.333368 607 0.245902 471 0.42073 
817 185 0.142851 1244 0.190517 1264 0.245902 1015 0.42073 
818 1047 0.285702 1011 0.0476664 1046 0.304635 1043 0.361997 
819 191 0.333368 1034 0.0951844 1044 0.391761 1041 0.179687 
820 1036 0.333368 1030 0.23808 1031 0.373858 1034 0.0546944 
821 166 0.333368 1366 0.310677 1356 0.0702539 932 0.285702 
822 909 0.333368 1372 0.328579 1355 0.195202 1356 0.142851 
823 108 0.333368 434 0.346481 435 0.320151 1355 7.25174e-08 
824 408 7.25174e-08 63 0.57927 303 1.90349e-07 243 0.420729 
825 150 0.142851 408 0.43642 1010 1.90349e-07 404 0.420729 
826 651 0.285702 403 0.409664 150 0.304635 848 1.90349e-07 
827 149 0.428552 649 0.391761 651 0.179686 1008 1.90349e-07 
828 655 0.571448 650 0.373858 149 0.0546942 745 1.90349e-07 
829 489 0.0702539 100 0.644044 927 1.90349e-07 490 0.285701 
830 312 0.195202 488 0.661947 934 1.90349e-07 489 0.142851 
831 67 0.679849 247 0.32015 706 7.25174e-08 320 1.17832e-07 
832 444 7.25174e-08 620 1.90349e-07 264 0.0378936 51 0.962106 
833 81 0.104957 445 0.0378937 292 0.857149 1308 1.90349e-07 
834 447 0.0417756 868 1.90349e-07 81 0.714298 541 0.243926 
835 542 0.059678 899 1.90349e-07 541 0.571448 118 0.368874 
836 547 0.0775812 1351 1.90349e-07 118 0.428552 546 0.493866 
837 341 0.0954836 906 1.90349e-07 546 0.285702 116 0.618815 
838 343 0.113386 898 1.90349e-07 116 0.142851 540 0.743763 
839 270 0.131289 680 1.90349e-07 540 7.25174e-08 57 0.868711 
840 1248 7.25174e-08 605 0.0378938 137 0.333368 603 0.628738 
841 853 0.0378939 854 0.104957 1251 0.523781 1250 0.333368 
842 916 0.243926 851 0.0417758 190 0.333368 854 0.38093 
843 914 0.0596782 915 0.368874 916 0.23808 917 0.333368 
844 1352 0.0775814 1375 0.493866 915 0.0951844 222 0.333368 
845 923 0.0954838 924 0.571148 1353 0.285702 221 0.0476664 
846 910 0.113386 911 0.553246 221 0.142851 912 0.190517 
847 684 0.131289 696 0.535343 912 7.25174e-08 160 0.333368 
848 1266 7.25174e-08 377 0.0378938 607 0.666632 91 0.295474 
849 863 0.0378939 185 0.104957 1244 0.190517 1264 0.666632 
850 1047 0.243926 862 0.0417758 1046 0.666632 185 0.0476664 
851 191 0.333368 1034 0.0355062 1041 0.571448 1035 0.0596782 
852 1036 0.333368 1030 0.160498 1034 0.428552 1033 0.0775814 
853 739 0.0954838 166 0.237884 1030 0.285702 1366 0.38093 
854 919 0.113386 909 0.219982 1366 0.142851 1372 0.523781 
855 704 0.131289 108 0.202079 1372 7.25174e-08 434 0.666632 
856 658 7.25174e-08 276 0.0378938 469 1.90349e-07 63 0.962106 
857 656 0.0378939 150 0.104957 408 0.857149 1245 1.90349e-07 
858 651 0.243926 653 0.0417758 848 1.90349e-07 150 0.714298 
859 149 0.368874 652 0.0596782 1008 1.90349e-07 651 0.571447 
860 655 0.493866 654 0.0775814 745 1.90349e-07 149 0.428552 
861 100 0.618815 405 0.0954838 1029 1.90349e-07 655 0.285701 
862 488 0.743763 406 0.113386 737 1.90349e-07 100 0.142851 
863 280 0.131289 67 0.868711 908 7.25174e-08 507 1.17832e-07 
864 444 7.25174e-08 620 1.90349e-07 264 0.496517 51 0.503483 
865 445 0.142851 1308 1.90349e-07 444 0.353666 292 0.503483 
866 447 0.285702 867 1.90349e-07 445 0.210816 81 0.503483 
867 542 0.428552 447 0.082565 541 0.488882 868 1.90349e-07 
868 547 0.52902 1351 1.90349e-07 118 0.428552 546 0.042427 
869 341 0.546923 906 1.90349e-07 546 0.285702 116 0.167375 
870 343 0.564825 898 1.90349e-07 116 0.142851 540 0.292324 
871 270 0.582728 680 1.90349e-07 540 7.25174e-08 57 0.417272 
872 1248 7.25174e-08 605 0.496517 137 0.333368 603 0.170115 
873 853 0.142851 1248 0.353667 1250 0.333368 1251 0.170115 
874 851 0.285702 853 0.210816 190 0.333368 854 0.170115 
875 914 0.428552 851 0.0825652 917 0.333368 916 0.155515 
876 1352 0.529021 1375 0.042427 915 0.0951844 222 0.333368 
877 923 0.546923 924 0.119709 1353 0.285702 221 0.0476664 
878 910 0.564826 911 0.101806 221 0.142851 912 0.190517 
879 684 0.582728 696 0.083904 912 7.25174e-08 160 0.333368 
880 1266 7.25174e-08 377 0.333368 606 0.16315 607 0.503483 
881 863 0.142851 1266 0.190517 1263 0.16315 1264 0.503483 
882 862 0.285702 863 0.0476664 1265 0.16315 1046 0.503483 
883 1038 0.333368 1035 0.0951844 1041 0.488882 1045 0.0825652 
884 1036 0.042427 1032 0.290941 1033 0.23808 1034 0.428552 
885 739 0.333368 1369 0.213555 1366 0.167375 1030 0.285702 
886 919 0.333368 1364 0.231458 1372 0.292324 1366 0.142851 
887 704 0.333368 703 0.24936 434 0.417272 1372 7.25174e-08 
888 658 7.25174e-08 276 0.496517 469 1.90349e-07 63 0.503482 
889 656 0.142851 658 0.353667 1245 1.90349e-07 408 0.503482 
890 653 0.285702 656 0.210816 848 1.90349e-07 150 0.503482 
891 652 0.428552 651 0.488882 653 0.082565 846 1.90349e-07 
892 655 0.042427 654 0.529021 745 1.90349e-07 149 0.428552 
893 100 0.167375 405 0.546923 1029 1.90349e-07 655 0.285701 
894 488 0.292324 406 0.564826 737 1.90349e-07 100 0.142851 
895 280 0.582728 67 0.417272 908 7.25174e-08 507 1.17832e-07 
896 444 7.25174e-08 620 1.90349e-07 264 0.955141 51 0.044859 
897 445 0.142851 1308 1.90349e-07 444 0.81229 292 0.044859 
898 447 0.285702 867 1.90349e-07 445 0.669439 81 0.044859 
899 542 0.428552 447 0.534004 541 0.0374431 868 1.90349e-07 
900 547 0.571448 542 0.409012 118 0.01954 899 1.90349e-07 
901 341 0.714298 547 0.284064 546 0.00163753 1351 1.90349e-07 
902 342 0.0162647 904 1.90349e-07 341 0.142851 343 0.840884 
903 18 0.0341672 681 1.90349e-07 343 7.25174e-08 270 0.965833 
904 1269 7.25174e-08 605 0.666632 618 0.288509 137 0.044859 
905 1269 0.145658 1275 0.142851 1248 0.666632 1250 0.044859 
906 1275 0.00280736 1272 0.285702 853 0.666632 190 0.044859 
907 1334 0.295925 914 0.132628 851 0.534005 917 0.0374431 
908 1349 0.313828 1352 0.25762 914 0.409012 222 0.01954 
909 1354 0.33173 923 0.382568 1352 0.284064 1353 0.00163753 
910 1346 0.0162649 1328 0.333368 910 0.507516 923 0.142851 
911 683 0.0341674 682 0.333368 684 0.632465 910 7.25174e-08 
912 1266 7.25174e-08 377 0.333368 606 0.621773 607 0.044859 
913 863 0.142851 1266 0.190517 1263 0.621773 1264 0.044859 
914 862 0.285702 863 0.0476664 1265 0.621773 1046 0.044859 
915 1038 0.333368 1035 0.0951844 1041 0.0374431 1045 0.534005 
916 1032 0.333368 1033 0.23808 1034 0.01954 1035 0.409012 
917 739 0.333368 1369 0.38093 1030 0.00163753 1033 0.284064 
918 918 0.0162649 919 0.317103 1369 0.142851 1364 0.523781 
919 164 0.0341674 704 0.299201 1364 7.25174e-08 703 0.666632 
920 658 7.25174e-08 276 0.955141 469 1.90349e-07 63 0.0448588 
921 656 0.142851 658 0.81229 1245 1.90349e-07 408 0.0448588 
922 653 0.285702 656 0.669439 848 1.90349e-07 150 0.0448588 
923 652 0.428552 651 0.0374431 653 0.534004 846 1.90349e-07 
924 654 0.571448 149 0.01954 652 0.409012 1037 1.90349e-07 
925 405 0.714298 655 0.00163753 654 0.284064 1039 1.90349e-07 
926 406 0.840884 407 0.0162649 738 1.90349e-07 405 0.142851 
927 23 0.0341674 280 0.965832 736 7.25174e-08 508 1.17832e-07 
928 335 7.25174e-08 390 1.90349e-07 15 0.413764 264 0.586235 
929 80 0.142851 1307 1.90349e-07 335 0.270914 444 0.586235 
930 446 0.285702 887 1.90349e-07 80 0.128063 445 0.586235 
931 29 0.413996 866 1.90349e-07 447 0.571448 542 0.0145561 
932 450 0.431899 1341 1.90349e-07 542 0.428552 547 0.139548 
933 82 0.449802 905 1.90349e-07 547 0.285702 341 0.264497 
934 342 0.467704 904 1.90349e-07 341 0.142851 343 0.389445 
935 18 0.485607 681 1.90349e-07 343 7.25174e-08 270 0.514393 
936 1269 7.25174e-08 605 0.252868 619 0.413765 618 0.333368 
937 1269 0.333368 1270 0.270914 1248 0.252868 1271 0.142851 
938 1275 0.333368 1271 0.128063 853 0.252868 1273 0.285702 
939 1274 0.413996 1334 0.0145561 851 0.252636 1272 0.318812 
940 1344 0.431899 1349 0.139548 914 0.234733 1334 0.19382 
941 1347 0.449802 1354 0.264497 1352 0.21683 1349 0.0688713 
942 1346 0.467704 1328 0.333368 910 0.056077 923 0.142851 
943 683 0.485607 682 0.333368 684 0.181025 910 7.25174e-08 
944 1261 7.25174e-08 134 0.333368 599 0.0803966 606 0.586235 
945 214 0.142851 1261 0.190517 1258 0.0803966 1263 0.586235 
946 861 0.285702 214 0.0476664 1257 0.0803966 1265 0.586235 
947 1038 0.0145561 179 0.318812 982 0.0951844 1045 0.571448 
948 1032 0.139548 1006 0.19382 1002 0.23808 1035 0.428552 
949 182 0.333368 1001 0.116434 1369 0.264497 1033 0.285702 
950 918 0.333368 998 0.134336 1364 0.389445 1369 0.142851 
951 164 0.333368 702 0.152239 703 0.514393 1364 7.25174e-08 
952 412 7.25174e-08 21 0.413764 378 1.90349e-07 276 0.586235 
953 151 0.142851 412 0.270914 1243 1.90349e-07 658 0.586235 
954 657 0.285702 151 0.128063 847 1.90349e-07 656 0.586235 
955 652 0.0145561 38 0.413996 846 1.90349e-07 653 0.571447 
956 654 0.139548 647 0.431899 1037 1.90349e-07 652 0.428552 
957 405 0.264497 147 0.449802 1039 1.90349e-07 654 0.285701 
958 406 0.389445 407 0.467704 738 1.90349e-07 405 0.142851 
959 23 0.485607 280 0.514393 736 7.25174e-08 508 1.17832e-07 
960 335 7.25174e-08 390 1.90349e-07 15 0.872388 264 0.127612 
961 80 0.142851 1307 1.90349e-07 335 0.729537 444 0.127612 
962 446 0.285702 887 1.90349e-07 80 0.586686 445 0.127612 
963 29 0.428552 865 1.90349e-07 446 0.443836 447 0.127612 
964 450 0.571448 29 0.311891 542 0.116661 866 1.90349e-07 
965 82 0.714298 450 0.186943 547 0.0987589 1341 1.90349e-07 
966 342 0.857149 82 0.0619942 341 0.0808564 905 1.90349e-07 
967 18 0.937046 681 1.90349e-07 343 7.25174e-08 270 0.0629539 
968 1306 7.25174e-08 619 0.666632 141 0.205756 618 0.127612 
969 215 0.142851 1270 0.666632 1306 0.0629052 1269 0.127612 
970 869 0.205756 1275 0.127612 1273 0.0799456 1271 0.586687 
971 216 0.205756 1272 0.127612 1274 0.222796 1273 0.443836 
972 1343 0.216707 1344 0.354741 1274 0.311891 1334 0.116661 
973 223 0.234609 1347 0.479689 1344 0.186943 1349 0.0987589 
974 907 0.252512 1346 0.604638 1347 0.0619944 1354 0.0808564 
975 159 0.270414 683 0.666632 1328 7.25174e-08 682 0.0629539 
976 1261 7.25174e-08 134 0.333368 599 0.53902 606 0.127612 
977 214 0.142851 1261 0.190517 1258 0.53902 1263 0.127612 
978 861 0.285702 214 0.0476664 1257 0.53902 1265 0.127612 
979 179 0.333368 982 0.0951844 1045 0.127612 1254 0.443836 
980 1006 0.333368 1002 0.23808 1035 0.116661 982 0.311891 
981 182 0.333368 1001 0.38093 1033 0.0987589 1002 0.186943 
982 918 0.333368 998 0.523781 1369 0.0808564 1001 0.0619944 
983 164 0.333368 702 0.603678 703 0.0629539 1364 7.25174e-08 
984 412 7.25174e-08 21 0.872388 378 1.90349e-07 276 0.127612 
985 151 0.142851 412 0.729537 1243 1.90349e-07 658 0.127612 
986 657 0.285702 151 0.586687 847 1.90349e-07 656 0.127612 
987 38 0.428552 657 0.443836 846 1.90349e-07 653 0.127612 
988 647 0.571448 652 0.116661 38 0.311891 859 1.90349e-07 
989 147 0.714298 654 0.0987589 647 0.186943 1005 1.90349e-07 
990 407 0.857149 405 0.0808564 147 0.0619942 726 1.90349e-07 
991 23 0.937046 280 0.0629538 736 7.25174e-08 508 1.17832e-07 
992 336 7.25174e-08 389 1.90349e-07 263 0.331011 15 0.668988 
993 334 0.142851 1322 1.90349e-07 336 0.188161 335 0.668988 
994 536 0.285702 895 1.90349e-07 334 0.0453099 80 0.668988 
995 29 0.0975409 532 0.331011 446 0.571447 893 1.90349e-07 
996 451 0.334778 877 1.90349e-07 29 0.428552 450 0.23667 
997 449 0.35268 995 1.90349e-07 450 0.285702 82 0.361618 
998 448 0.370583 994 1.90349e-07 82 0.142851 342 0.486566 
999 269 0.388485 502 1.90349e-07 342 7.25174e-08 18 0.611515 
1000 1306 7.25174e-08 619 0.33562 625 0.331012 141 0.333368 
1001 215 0.142851 1270 0.33562 1318 0.331012 1306 0.190517 
1002 215 0.333368 1295 0.0453101 1271 0.33562 1298 0.285702 
1003 869 0.235827 216 0.0975407 1290 0.331012 1273 0.33562 
1004 1291 0.334778 1343 0.23667 1274 0.331854 216 0.0966983 
1005 1342 0.35268 223 0.333368 1347 0.02825 1344 0.285702 
1006 1348 0.370583 907 0.333368 1346 0.153198 1347 0.142851 
1007 685 0.388485 159 0.333368 683 0.278147 1346 7.25174e-08 
1008 1240 7.25174e-08 597 0.331012 599 0.666632 134 0.0023563 
1009 1255 0.142851 1240 0.188161 1258 0.666632 1261 0.0023563 
1010 1259 0.285702 1255 0.0453101 1257 0.666632 214 0.0023563 
1011 980 0.331012 179 0.0023563 1254 0.571448 982 0.0951844 
1012 1006 0.23667 978 0.0966983 979 0.23808 982 0.428552 
1013 999 0.333368 1000 0.0193125 1001 0.361618 1002 0.285702 
1014 1004 0.333368 997 0.037215 998 0.486566 1001 0.142851 
1015 701 0.333368 677 0.0551174 702 0.611515 998 7.25174e-08 
1016 411 7.25174e-08 275 0.331012 379 1.90349e-07 21 0.668988 
1017 410 0.142851 411 0.188161 1260 1.90349e-07 412 0.668988 
1018 663 0.285702 410 0.0453101 864 1.90349e-07 151 0.668988 
1019 662 0.331012 38 0.0975407 657 0.571447 860 1.90349e-07 
1020 647 0.23667 646 0.334778 859 1.90349e-07 38 0.428552 
1021 147 0.361618 645 0.35268 1005 1.90349e-07 647 0.285701 
1022 407 0.486566 648 0.370583 726 1.90349e-07 147 0.142851 
1023 279 0.388485 23 0.611514 724 7.25174e-08 700 1.17832e-07 
1024 336 7.25174e-08 389 1.90349e-07 263 0.789635 15 0.210365 
1025 334 0.142851 1322 1.90349e-07 336 0.646784 335 0.210365 
1026 536 0.285702 895 1.90349e-07 334 0.503933 80 0.210365 
1027 532 0.428552 893 1.90349e-07 536 0.361083 446 0.210365 
1028 451 0.571448 876 1.90349e-07 532 0.218187 29 0.210365 
1029 449 0.714298 451 0.0898212 450 0.19588 877 1.90349e-07 
1030 448 0.822022 994 1.90349e-07 82 0.142851 342 0.0351269 
1031 269 0.839924 502 1.90349e-07 342 7.25174e-08 18 0.160075 
1032 1324 7.25174e-08 625 0.666632 388 0.123003 141 0.210365 
1033 215 0.0198477 896 0.123003 1306 0.190517 1318 0.666632 
1034 881 0.123003 215 0.210365 1298 0.162698 1295 0.503934 
1035 879 0.123003 869 0.210365 1290 0.305549 1298 0.361083 
1036 880 0.123003 216 0.210365 1291 0.448445 1290 0.218188 
1037 1345 0.137488 1342 0.576811 1291 0.0898214 1343 0.19588 
1038 1340 0.15539 1348 0.666632 223 0.142851 907 0.0351269 
1039 686 0.173293 685 0.666632 907 7.25174e-08 159 0.160075 
1040 1240 7.25174e-08 597 0.333368 598 0.456267 599 0.210365 
1041 1255 0.142851 1240 0.190517 1241 0.456267 1258 0.210365 
1042 1259 0.285702 1255 0.0476664 1256 0.456267 1257 0.210365 
1043 980 0.333368 981 0.0951844 1254 0.210365 1253 0.361083 
1044 978 0.333368 979 0.23808 982 0.210365 981 0.218188 
1045 999 0.333368 1000 0.38093 1002 0.19588 979 0.0898214 
1046 1004 0.333368 997 0.488654 998 0.0351269 1001 0.142851 
1047 701 0.333368 677 0.506557 702 0.160075 998 7.25174e-08 
1048 411 7.25174e-08 275 0.789635 379 1.90349e-07 21 0.210365 
1049 410 0.142851 411 0.646784 1260 1.90349e-07 412 0.210365 
1050 663 0.285702 410 0.503934 864 1.90349e-07 151 0.210365 
1051 662 0.428552 663 0.361083 860 1.90349e-07 657 0.210365 
1052 646 0.571448 662 0.218188 859 1.90349e-07 38 0.210365 
1053 645 0.714298 647 0.19588 646 0.0898212 975 1.90349e-07 
1054 407 0.0351269 648 0.822022 726 1.90349e-07 147 0.142851 
1055 279 0.839925 23 0.160075 724 7.25174e-08 700 1.17832e-07 
1056 530 7.25174e-08 477 1.90349e-07 52 0.248258 263 0.751741 
1057 114 0.142851 1310 1.90349e-07 530 0.105408 336 0.751741 
1058 536 0.037443 535 0.248259 334 0.714298 1323 1.90349e-07 
1059 532 0.180294 115 0.248259 536 0.571447 894 1.90349e-07 
1060 451 0.323189 531 0.248259 532 0.428552 991 1.90349e-07 
1061 83 0.255559 985 1.90349e-07 451 0.285702 449 0.458739 
1062 294 0.273461 996 1.90349e-07 449 0.142851 448 0.583688 
1063 58 0.291364 501 1.90349e-07 448 7.25174e-08 269 0.708636 
1064 1324 7.25174e-08 625 0.418373 626 0.248259 388 0.333368 
1065 896 0.142851 1318 0.418373 1319 0.248259 1324 0.190517 
1066 881 0.285702 1295 0.418373 1320 0.248259 896 0.0476664 
1067 881 0.153074 879 0.180294 1288 0.248259 1298 0.418373 
1068 879 0.010179 880 0.323189 1294 0.248259 1290 0.418373 
1069 903 0.255559 1345 0.333368 1342 0.125371 1291 0.285702 
1070 902 0.273462 1340 0.333368 1348 0.25032 1342 0.142851 
1071 424 0.291364 686 0.333368 685 0.375268 1348 7.25174e-08 
1072 1239 7.25174e-08 135 0.248259 598 0.666632 597 0.0851092 
1073 212 0.142851 1239 0.105408 1241 0.666632 1240 0.0851092 
1074 858 0.248259 1259 0.0374429 1255 0.0476664 1256 0.666632 
1075 178 0.248259 980 0.0851092 1253 0.571448 981 0.0951844 
1076 977 0.248259 978 0.0851092 981 0.428552 979 0.23808 
1077 177 0.255559 999 0.0778088 979 0.285702 1000 0.38093 
1078 723 0.273462 1004 0.0599064 1000 0.142851 997 0.523781 
1079 158 0.291364 701 0.0420039 997 7.25174e-08 677 0.666632 
1080 492 7.25174e-08 64 0.248259 600 1.90349e-07 275 0.751741 
1081 102 0.142851 492 0.105408 1238 1.90349e-07 411 0.751741 
1082 664 0.248259 663 0.0374429 410 0.714298 1262 1.90349e-07 
1083 152 0.248259 662 0.180294 663 0.571447 1252 1.90349e-07 
1084 661 0.248259 646 0.323189 662 0.428552 976 1.90349e-07 
1085 645 0.458739 148 0.255559 975 1.90349e-07 646 0.285701 
1086 648 0.583688 401 0.273462 1007 1.90349e-07 645 0.142851 
1087 68 0.291364 279 0.708636 725 7.25174e-08 699 1.17832e-07 
1088 530 7.25174e-08 477 1.90349e-07 52 0.706882 263 0.293118 
1089 114 0.142851 1310 1.90349e-07 530 0.564031 336 0.293118 
1090 535 0.285702 1323 1.90349e-07 114 0.421181 334 0.293118 
1091 115 0.428552 894 1.90349e-07 535 0.27833 536 0.293118 
1092 531 0.571448 991 1.90349e-07 115 0.135434 532 0.293118 
1093 83 0.706998 985 1.90349e-07 451 0.285702 449 0.00729997 
1094 294 0.724901 996 1.90349e-07 449 0.142851 448 0.132248 
1095 58 0.742803 501 1.90349e-07 448 7.25174e-08 269 0.257197 
1096 1321 7.25174e-08 626 0.666632 95 0.0402501 388 0.293118 
1097 896 0.102601 220 0.0402502 1324 0.190517 1319 0.666632 
1098 881 0.245451 1312 0.0402502 896 0.0476664 1320 0.666632 
1099 180 0.0402502 881 0.293118 1288 0.388302 892 0.27833 
1100 878 0.0402502 879 0.293118 1294 0.531197 1288 0.135435 
1101 181 0.0403664 903 0.666632 880 0.285702 1345 0.00729997 
1102 901 0.0582688 902 0.666632 1345 0.142851 1340 0.132248 
1103 106 0.0761713 424 0.666632 1340 7.25174e-08 686 0.257197 
1104 1277 7.25174e-08 135 0.333368 623 0.373514 598 0.293118 
1105 1277 0.230664 1278 0.142851 1239 0.333368 1241 0.293118 
1106 1278 0.0878128 1302 0.285702 212 0.333368 1256 0.293118 
1107 1299 0.373514 1253 0.293118 178 0.055038 858 0.27833 
1108 1283 0.373514 981 0.293118 977 0.197933 178 0.135435 
1109 1284 0.373631 177 0.333368 979 0.285702 1000 0.00729997 
1110 1327 0.391533 723 0.333368 1000 0.142851 997 0.132248 
1111 676 0.409435 158 0.333368 997 7.25174e-08 677 0.257197 
1112 492 7.25174e-08 64 0.706882 600 1.90349e-07 275 0.293118 
1113 102 0.142851 492 0.564031 1238 1.90349e-07 411 0.293118 
1114 664 0.285702 102 0.421181 1262 1.90349e-07 410 0.293118 
1115 152 0.428552 664 0.27833 1252 1.90349e-07 663 0.293118 
1116 661 0.571448 152 0.135435 976 1.90349e-07 662 0.293118 
1117 645 0.00729997 148 0.706998 975 1.90349e-07 646 0.285701 
1118 648 0.132248 401 0.724901 1007 1.90349e-07 645 0.142851 
1119 68 0.742803 279 0.257196 725 7.25174e-08 699 1.17832e-07 
1120 332 7.25174e-08 307 1.90349e-07 232 0.165506 52 0.834494 
1121 528 0.142851 1311 1.90349e-07 332 0.0226548 530 0.834494 
1122 535 0.120196 529 0.165506 114 0.714298 888 1.90349e-07 
1123 115 0.263047 534 0.165506 535 0.571447 1313 1.90349e-07 
1124 531 0.405942 533 0.165506 115 0.428552 992 1.90349e-07 
1125 83 0.548793 333 0.165506 531 0.285701 993 1.90349e-07 
1126 295 0.17634 721 1.90349e-07 83 0.142851 294 0.680809 
1127 238 0.194242 318 1.90349e-07 294 7.25174e-08 58 0.805757 
1128 1321 7.25174e-08 626 0.501126 479 0.165506 95 0.333368 
1129 220 0.142851 1319 0.501126 1316 0.165506 1321 0.190517 
1130 1312 0.285702 1320 0.501126 1314 0.165506 220 0.0476664 
1131 889 0.0951844 180 0.333368 892 0.501126 891 0.0703214 
1132 878 0.333368 987 0.165506 1288 0.428552 1294 0.0725739 
1133 181 0.333368 989 0.165506 1294 0.285702 903 0.215425 
1134 900 0.17634 901 0.333368 902 0.347441 903 0.142851 
1135 425 0.194243 106 0.333368 424 0.472389 902 7.25174e-08 
1136 1277 7.25174e-08 135 0.167862 387 0.165506 623 0.666632 
1137 1277 0.666632 1279 0.022655 1239 0.167862 1281 0.142851 
1138 1278 0.546436 1302 0.120196 1280 0.165506 212 0.167862 
1139 1302 0.403586 1299 0.263047 1300 0.165506 858 0.167862 
1140 1299 0.26069 1283 0.405942 1285 0.165506 178 0.167862 
1141 1283 0.117839 1284 0.548793 1287 0.165506 977 0.167862 
1142 1286 0.17634 1327 0.666632 723 0.0141769 177 0.142851 
1143 420 0.194243 676 0.666632 158 0.139125 723 7.25174e-08 
1144 314 7.25174e-08 244 0.165506 373 1.90349e-07 64 0.834494 
1145 493 0.142851 314 0.022655 1242 1.90349e-07 492 0.834494 
1146 494 0.165506 664 0.120196 102 0.714298 845 1.90349e-07 
1147 660 0.165506 152 0.263047 664 0.571447 857 1.90349e-07 
1148 659 0.165506 661 0.405942 152 0.428552 856 1.90349e-07 
1149 409 0.165506 148 0.548793 661 0.285701 983 1.90349e-07 
1150 401 0.680809 402 0.17634 719 1.90349e-07 148 0.142851 
1151 248 0.194243 68 0.805757 722 7.25174e-08 433 1.17832e-07 
1152 332 7.25174e-08 307 1.90349e-07 232 0.624129 52 0.375871 
1153 528 0.142851 1311 1.90349e-07 332 0.481278 530 0.375871 
1154 529 0.285702 888 1.90349e-07 528 0.338428 114 0.375871 
1155 534 0.428552 1313 1.90349e-07 529 0.195577 535 0.375871 
1156 533 0.571448 992 1.90349e-07 534 0.0526815 115 0.375871 
1157 83 0.0901692 333 0.624129 531 0.285701 993 1.90349e-07 
1158 295 0.627779 721 1.90349e-07 83 0.142851 294 0.22937 
1159 238 0.645682 318 1.90349e-07 294 7.25174e-08 58 0.354318 
1160 1321 7.25174e-08 626 0.0425027 479 0.624129 95 0.333368 
1161 220 0.142851 1319 0.0425027 1316 0.624129 1321 0.190517 
1162 1312 0.285702 1320 0.0425027 1314 0.624129 220 0.0476664 
1163 889 0.0951844 180 0.333368 892 0.0425027 891 0.528945 
1164 180 0.333368 889 0.0526817 1288 0.0425027 987 0.571448 
1165 878 0.243199 181 0.0901691 989 0.624129 1294 0.0425027 
1166 900 0.62778 901 0.22937 903 0.0388525 181 0.103998 
1167 425 0.645682 106 0.333368 424 0.02095 902 7.25174e-08 
1168 1305 7.25174e-08 387 0.333368 621 0.290761 623 0.375871 
1169 871 0.142851 1279 0.333368 1305 0.147911 1277 0.375871 
1170 871 0.00505985 872 0.285702 1281 0.333368 1278 0.375871 
1171 884 0.290761 1302 0.375871 1300 0.137791 1280 0.195577 
1172 1301 0.290761 1299 0.375871 1285 0.280686 1300 0.0526817 
1173 874 0.290761 1283 0.285702 1284 0.0901691 1287 0.333368 
1174 875 0.294412 1286 0.333368 1284 0.142851 1327 0.22937 
1175 679 0.312314 420 0.333368 1327 7.25174e-08 676 0.354318 
1176 314 7.25174e-08 244 0.624129 373 1.90349e-07 64 0.37587 
1177 493 0.142851 314 0.481279 1242 1.90349e-07 492 0.37587 
1178 494 0.285702 493 0.338428 845 1.90349e-07 102 0.37587 
1179 660 0.428552 494 0.195577 857 1.90349e-07 664 0.37587 
1180 659 0.571448 660 0.0526817 856 1.90349e-07 152 0.37587 
1181 409 0.624129 148 0.0901691 661 0.285701 983 1.90349e-07 
1182 401 0.22937 402 0.62778 719 1.90349e-07 148 0.142851 
1183 248 0.645682 68 0.354318 722 7.25174e-08 433 1.17832e-07 
1184 249 7.25174e-08 251 1.90349e-07 4 0.0827526 232 0.917247 
1185 528 0.0600981 69 0.0827527 332 0.857149 361 1.90349e-07 
1186 529 0.202949 282 0.0827527 528 0.714298 579 1.90349e-07 
1187 534 0.3458 24 0.0827527 529 0.571447 365 1.90349e-07 
1188 533 0.488695 281 0.0827527 534 0.428552 364 1.90349e-07 
1189 333 0.631546 70 0.0827527 533 0.285701 462 1.90349e-07 
1190 295 0.774396 250 0.0827527 333 0.142851 300 1.90349e-07 
1191 7 0.0971211 253 1.90349e-07 295 7.25174e-08 238 0.902879 
1192 1309 7.25174e-08 479 0.583879 284 0.0827529 478 0.333368 
1193 1315 0.142851 1316 0.583879 578 0.0827529 1309 0.190517 
1194 1317 0.285702 1314 0.583879 584 0.0827529 1315 0.0476664 
1195 889 0.0124315 464 0.0827529 890 0.333368 891 0.571448 
1196 986 0.333368 465 0.0827529 889 0.428552 987 0.155327 
1197 990 0.333368 567 0.0827529 987 0.285702 989 0.298178 
1198 988 0.333368 569 0.0827529 989 0.142851 900 0.441028 
1199 286 0.0971213 500 0.333368 425 0.569511 900 7.25174e-08 
1200 1305 7.25174e-08 387 0.250615 72 0.0827529 621 0.666632 
1201 871 0.142851 1279 0.250615 362 0.0827529 1305 0.523781 
1202 871 0.463683 872 0.202949 572 0.0827529 1281 0.250615 
1203 872 0.320833 884 0.345799 126 0.0827529 1280 0.250615 
1204 884 0.177937 1301 0.488695 576 0.0827529 1300 0.250615 
1205 1301 0.0350866 874 0.631546 87 0.0827529 1285 0.250615 
1206 875 0.666632 459 0.0827529 1287 0.142851 1286 0.107764 
1207 74 0.0971213 679 0.666632 420 0.236247 1286 7.25174e-08 
1208 255 7.25174e-08 9 0.0827528 374 1.90349e-07 244 0.917247 
1209 75 0.0827529 493 0.0600979 314 0.857149 1237 1.90349e-07 
1210 288 0.0827529 494 0.202949 493 0.714298 844 1.90349e-07 
1211 27 0.0827529 660 0.345799 494 0.571447 843 1.90349e-07 
1212 287 0.0827529 659 0.488695 660 0.428552 855 1.90349e-07 
1213 76 0.0827529 409 0.631546 659 0.285701 974 1.90349e-07 
1214 256 0.0827529 402 0.774396 409 0.142851 718 1.90349e-07 
1215 11 0.0971213 248 0.902878 717 7.25174e-08 421 1.17832e-07 
1216 249 7.25174e-08 251 1.90349e-07 4 0.541376 232 0.458624 
1217 69 0.142851 361 1.90349e-07 249 0.398525 332 0.458624 
1218 282 0.285702 579 1.90349e-07 69 0.255675 528 0.458624 
1219 24 0.428552 365 1.90349e-07 282 0.112824 529 0.458624 
1220 533 0.0300714 281 0.541376 534 0.428552 364 1.90349e-07 
1221 333 0.172922 70 0.541376 533 0.285701 462 1.90349e-07 
1222 295 0.315773 250 0.541376 333 0.142851 300 1.90349e-07 
1223 7 0.54856 253 1.90349e-07 295 7.25174e-08 238 0.451439 
1224 1309 7.25174e-08 479 0.125256 284 0.541376 478 0.333368 
1225 1315 0.142851 1316 0.125256 578 0.541376 1309 0.190517 
1226 1317 0.285702 1314 0.125256 584 0.541376 1315 0.0476664 
1227 464 0.0951844 890 0.333368 891 0.125256 585 0.446192 
1228 465 0.23808 986 0.333368 889 0.125256 464 0.303297 
1229 986 0.160446 990 0.172922 567 0.541376 987 0.125256 
1230 990 0.0175952 988 0.315773 569 0.541376 989 0.125256 
1231 286 0.548561 500 0.333368 425 0.118071 900 7.25174e-08 
1232 582 7.25174e-08 72 0.333368 283 0.208008 621 0.458624 
1233 580 0.142851 362 0.333368 582 0.0651577 1305 0.458624 
1234 574 0.208009 871 0.458624 572 0.0776931 127 0.255675 
1235 573 0.208009 872 0.458624 126 0.220544 572 0.112824 
1236 575 0.208009 884 0.428552 1301 0.0300712 576 0.333368 
1237 358 0.208009 1301 0.285702 874 0.172922 87 0.333368 
1238 359 0.208009 874 0.142851 875 0.315773 459 0.333368 
1239 285 0.215193 74 0.333368 875 7.25174e-08 679 0.451439 
1240 255 7.25174e-08 9 0.541376 374 1.90349e-07 244 0.458623 
1241 75 0.142851 255 0.398526 1237 1.90349e-07 314 0.458623 
1242 288 0.285702 75 0.255675 844 1.90349e-07 493 0.458623 
1243 27 0.428552 288 0.112824 843 1.90349e-07 494 0.458623 
1244 287 0.541376 659 0.0300712 660 0.428552 855 1.90349e-07 
1245 76 0.541376 409 0.172922 659 0.285701 974 1.90349e-07 
1246 256 0.541376 402 0.315773 409 0.142851 718 1.90349e-07 
1247 11 0.548561 248 0.451439 717 7.25174e-08 421 1.17832e-07 
1248 249 7.25174e-08 251 1.90349e-07 4 1 232 1.11022e-16 
1249 69 0.142851 361 1.90349e-07 249 0.857149 332 1.11022e-16 
1250 282 0.285702 579 1.90349e-07 69 0.714298 528 -2.22045e-16 
1251 24 0.428552 365 1.90349e-07 282 0.571447 529 -2.22045e-16 
1252 281 0.571448 364 1.90349e-07 24 0.428552 534 0 
1253 70 0.714298 462 1.90349e-07 281 0.285701 533 0 
1254 250 0.857149 300 1.90349e-07 70 0.142851 333 0 
1255 7 1 295 0 253 1.17832e-07 301 7.25174e-08 
1256 577 7.25174e-08 284 0.666632 71 0.333368 478 1.11022e-16 
1257 128 0.142851 578 0.666632 577 0.190517 1309 0 
1258 363 0.285702 584 0.666632 128 0.0476664 1315 0 
1259 464 0.0951844 890 0 585 0.571448 88 0.333368 
1260 465 0.23808 986 0 464 0.428552 463 0.333368 
1261 89 0.333368 986 0 567 0.38093 465 0.285702 
1262 355 0.333368 990 0 569 0.523781 567 0.142851 
1263 73 0.333368 988 0 286 0.666632 569 7.25174e-08 
1264 582 7.25174e-08 72 0.333368 283 0.666632 621 -2.22045e-16 
1265 580 0.142851 362 0.333368 582 0.523781 1305 0 
1266 574 0.285702 127 0.333368 580 0.38093 871 1.11022e-16 
1267 574 0.23808 573 0.428552 572 0.333368 872 1.11022e-16 
1268 573 0.0951844 575 0.571448 126 0.333368 884 1.11022e-16 
1269 358 0.666632 1301 0 87 0.0476664 576 0.285702 
1270 359 0.666632 874 0 459 0.190517 87 0.142851 
1271 285 0.666632 875 0 74 0.333368 459 7.25174e-08 
1272 357 7.25174e-08 9 1 252 1.17832e-07 374 0 
1273 356 1.90349e-07 1237 0 75 0.142851 255 0.857149 
1274 570 1.90349e-07 844 0 288 0.285701 75 0.714298 
1275 571 1.90349e-07 843 0 27 0.428552 288 0.571448 
1276 461 1.90349e-07 855 0 287 0.571447 27 0.428552 
1277 460 1.90349e-07 974 0 76 0.714298 287 0.285702 
1278 299 1.90349e-07 718 0 256 0.857149 76 0.142851 
1279 254 1.90349e-07 717 0 11 1 256 7.25174e-08 
